1328674
317
250
322
252486
12
1
2
200909
317
37
49
725687
12
5
7
2611759
249895
42208
241778
5947890
1841365
234891680
90036992
2276962
688653
234891680
35329188
10360977
3264002
234891680
152921264
182961
1841365
3491693
1375312
69528
688653
3491693
527399
322605
3264002
3491693
2423935
5947890
526483
19461432
7571851
2276962
200909
19461432
2936626
10360977
926543
19461432
13135218
2
706
5650394
112
721
217424560
6323
38311
0
706
6323
0
7
706
19843868
396
2547441
217424560
19843868
121879296
3576062
537642
20026444
7460691
16434882
2611759
16453966
2732419
5982738
2611759
5948385
276746
606965
2611759
604845
2994773
16434882
1040434
6667172
742957
16434882
259943
1653265
5094027
1040851
27979464
11365894
1975363
395608
27979464
4403869
25100284
1831037
80067216
55964968
3655
460276
17484
5838
10637
1328674
17484
16703
4213097
2389096
34828832
30145276
140468
42331
121155
713716
1999109
583490
65145
174502
54724
1428270
135197
122135
10
2611759
1
532574
29
1
512429
29
9
11
522257
157818
451691
713716
1999109
583490
242516
650203
204441
1428270
503345
756189
311799
105837
3965349
1414598
583490
970851
350524
134848
2876669
760431
49341
15806
160405
616631
19818204
3491693
22954
795558
129149
19798478
887375
330378
105837
1074029
616631
19818204
3491693
153696
5326847
864749
19798478
5941630
531642
182961
1841365
616631
19818204
3491693
245879
7872463
1375312
19798478
8528958
1669873
1435750
2547441
13375996
46237452
34828832
7038313
24627816
18529480
918263168
533544544
581590
500109
895961
13375996
46237452
34828832
2433779
8512896
6428828
918263168
183280720
2122468
1831037
3264002
13375996
46237452
34828832
8885552
30860356
23467696
918263168
671326912
36285740
1645425
80067216
42208
2611759
249895
1566566
80302720
18992302
236179
20299278
122135
460306
36285740
56726
3701792
13633796
56945
3748899
14324925
2999914
3317227
397665
117610
9486263
713716
46465848
13633796
184723
12355753
3702438
37547264
11023370
1537250
460306
36285740
713716
46465848
13633796
716076
46987160
14324925
37547264
41688608
426584
367569
1035056
13375996
18996404
16434882
1778114
2659645
2350261
223158528
32565132
3043835
2611759
7460691
13375996
18996404
16434882
12854170
19201212
16671754
223158528
232155328
1669873
1435750
4080155
13375996
18996404
16434882
7038313
10513648
9237104
223158528
130793680
7097315
798010
217424560
40675368
3948903
444008
217424560
22631528
3655
460276
5042751
17484
394806
19461432
5838
124216
6557198
1177941
422190
3733
451691
5044904
17484
394806
19461432
5519
128128
6543538
1177941
407151
7650
940591
10416515
17484
394806
19461432
11804
258758
13521682
1177941
856831
345395
118212
1181128
672726
616631
19818204
5760264
3491693
1354782
34828832
160500
5182278
1468309
894394
351971
8954924
19798478
4931461
384477760
33834752
5671424
1487224
109399240
8669420
400060672
84950208
277730
94909
945404
540120
616631
19818204
5760264
3491693
1354782
34828832
129298
4185299
1185477
719375
282987
7225496
19798478
4931461
384477760
33834752
4594464
1198535
88335760
7007457
400060672
68186976
466273
395608
1161833
688653
13375996
18996404
46237452
16434882
34828832
44528072
2017754
3011791
7105837
2601213
5280754
6683577
223158528
918263168
993263552
637887552
38936056
159042016
170957824
111767944
24764835840
4367861760
466273
14
1161833
688653
350
18996404
46237452
531
821
44528072
53
3011791
7105837
85
126
6683577
4712
17492
993263552
13465
804
2988
170957824
2146
456416
81489
1669873
1435750
4080155
2547441
13375996
18996404
46237452
16434882
34828832
44528072
7038313
10513648
24627816
9237104
18529480
23617612
223158528
918263168
993263552
637887552
130793680
533544512
592747456
383371040
24764835840
14352295936
1537250
460306
36285740
4606307
713716
46465848
22963796
13633796
3491693
217424560
716076
46987160
22266308
14324925
3526168
208147520
37547264
22945964
2377009408
204672288
41688608
25357208
2572016128
179338624
2411149312
1948622336
235567
69528
5650394
688653
713716
46465848
22963796
13633796
3491693
217424560
110012
7373506
3570292
2200724
527399
32631688
37547264
22945962
2377009408
204672288
6539164
3928284
409962624
28203284
2411149312
287475104
3948903
444008
43753
217424560
13633796
3491693
22631528
1418730
370255
202957648
23448232
3116894
350458
34535
217424560
13633796
3491693
17863210
1119812
292244
202957664
18507840
200
25369
278584
17484
394806
19461432
304
7086
365181
1177941
22236
728994
252727
2547441
1435750
616631
19818204
5760264
3491693
1354782
34828832
337232
10671167
3035431
1883381
747974
18549416
19798476
4931461
384477760
33834752
11435148
3100693
222288176
17802938
400060672
181294448
531642
182961
1841365
1040851
616631
19818204
5760264
3491693
1354782
34828832
245879
7872463
2233195
1375312
542684
13643557
19798476
4931461
384477760
33834752
8528958
2274061
165378048
13142188
400060672
131485664
1033545
895008
2499467
144
13375996
18996404
4509
16434882
3372
4279
4298125
6420735
1453
5694869
1097
1390
223158528
91136
98545
62994
78185888
31640
36048
22789
2472062
836877
335171
293280
804178
46
13375996
18996404
4509
16434882
3372
4279
1384814
2063673
465
1846014
352
447
223158528
91136
98545
62994
24778612
10059
11544
7269
2472062
261141
843689
252727
19843868
2547441
713716
46465848
22963796
13633796
3491693
217424560
390368
25731228
12356154
7820189
1883381
115357464
37547264
22945964
2377009408
204672288
23322022
13232275
1406736256
97581416
2411149312
978394176
