1334883
722
249
722
303350
28
2
6
281604
722
52
152
757360
28
5
16
2609129
397191
43172
397191
6501116
1982417
366134080
160442528
3129715
954359
366134080
77238960
10398222
3170781
366134080
256620064
201542
1982417
4513504
1977849
97024
954359
4513504
952160
322357
3170781
4513504
3163474
6501116
584955
49748412
21800102
3129715
281604
49748412
10494832
10398222
935607
49748412
34868216
333
178259
7646039
37605
6044
492052352
48424
657416
2
178259
48424
238
896
178259
20563616
101137
2566700
492052352
20563616
279171200
4354361
852869
20268724
7451973
45563528
2609129
45563528
2728943
18296740
2609129
18296740
276403
1511911
2609129
1511911
3264215
45563528
1142886
19958362
1093848
45563528
382984
6688109
5552384
1143338
77184736
33822892
2672984
550417
77184736
16282748
25403332
1828715
258799600
181390304
4092
452773
42303
14348
12066
1334883
42303
42303
4101153
2365297
54602052
49499312
195961
58756
170535
1525715
4556649
1326334
194914
582124
169442
4539304
579909
121863
10
2609129
2
1296430
56
2
1296430
56
28
28
546689
163918
475755
1525715
4556649
1326334
543768
1624001
472708
4539304
1617820
796108
349953
120574
10080152
3006229
1326334
2642619
788115
347712
10067605
2639330
69290
24045
236512
746990
7915338
4513504
39052
413816
235967
7905447
413299
347457
120574
1185996
746990
7915338
4513504
195831
2075090
1183263
7905447
2072497
580782
201542
1982417
746990
7915338
4513504
327336
3468556
1977849
7905447
3464222
1722915
1480317
2566700
23488140
54881696
54602052
13326249
31137722
30979060
1147806976
651220608
690090
592921
1028057
23488140
54881696
54602052
5337652
12471802
12408253
1147806848
260837792
2128409
1828715
3170781
23488140
54881696
54602052
16462624
38466088
38270084
1147806976
804487488
36244344
4158302
258799600
43172
2609129
397191
4158302
258799600
44431716
397191
44431716
121863
459925
36244344
122296
12698963
36001824
122296
12698963
36001824
12802098
12802098
474075
142146
11201818
1525715
121202888
35892296
471543
37459440
11093014
120611536
37276672
1533909
459925
36244344
1529307
121202888
36001824
1529307
121202888
36001824
121424608
121424608
535516
460111
1314132
23488140
53150476
45563528
4142061
9372922
8034987
497233920
87685672
3036719
2609129
7451973
23488140
53150476
45563528
23488140
53150476
45563528
497233920
497233920
1722915
1480317
4227957
23488140
53150476
45563528
13326249
30155494
25850956
497233952
282111040
7095216
885607
492052352
96324488
4044214
504788
492052352
54904164
4092
452773
5032068
42303
883479
49748412
14348
299663
16873964
3564911
1209168
4300
475755
5287489
42303
883479
49748412
15077
314874
17730464
3564911
1270543
8392
928529
10319557
42303
883479
49748412
29426
614538
34604424
3564911
2479711
411463
142785
1404472
810014
746990
7915338
4383574
4513504
2595355
54602052
231906
2457349
1360898
1401236
805738
16951434
7905447
4370915
112424720
54566464
2454279
1356968
34902720
16940386
112384312
34890176
347059
120435
1184636
683226
746990
7915338
4383574
4513504
2595355
54602052
195607
2072711
1147883
1181906
679619
14298097
7905447
4370915
112424720
54566464
2070121
1144568
29439546
14288778
112384312
29428964
640620
550417
1572054
954359
23488140
53150476
54881696
45563528
54602052
84790304
4955014
11212525
11577740
9611997
11518747
17887206
497233920
1147806976
1267924608
1157298944
104895552
242139200
267479024
244141632
29456838656
6214159872
640620
227
1572054
954359
8823
53150476
54881696
18563
17214
84790304
1861
11212525
11577740
3916
3631
17887208
181525
316827
1267924608
352902
38294
66837
267479024
74447
7935478
1674053
1722915
1480317
4227957
2566700
23488140
53150476
54881696
45563528
54602052
84790304
13326249
30155494
31137722
25850956
30979060
48106696
497233920
1147806976
1267924608
1157298944
282111040
651220608
719370688
656605952
29456838656
16712653824
1533909
459925
36244344
4523930
1529307
121202888
16767013
36001824
4561894
492052352
1529307
121202888
16767013
36001824
4561894
492052352
121424608
17063582
1953857408
500441472
121424608
17063582
1953857408
500441472
2017895936
2017895936
323590
97024
7646039
954359
1529307
121202888
16767013
36001824
4561894
492052352
322619
25568736
3537138
7594877
962368
103802448
121424608
17063582
1953857408
500441472
25615508
3599701
412182144
105572200
2017895936
425691552
4044214
504788
51319
492052352
35892296
4513504
54904164
4004932
503625
491452992
54837284
3322055
414650
42155
492052352
35892296
4513504
45100140
3289787
413695
491452992
45045204
222
24594
273341
42303
883479
49748412
779
16277
916591
3564911
65681
751957
260943
2566700
1480317
746990
7915338
4383574
4513504
2595355
54602052
423813
4490852
2487068
2560785
1472502
30979060
7905447
4370915
112424720
54566464
4485241
2479885
63785376
30958872
112384312
63762448
580782
201542
1982417
1143338
746990
7915338
4383574
4513504
2595355
54602052
327336
3468556
1920912
1977849
1137302
23927000
7905447
4370915
112424720
54566464
3464222
1915365
49265300
23911408
112384312
49247592
1082294
929900
2655902
692
23488140
53150476
24227
45563528
23894
36603
8371234
18942968
8634
16238960
8515
13045
497233920
512740
562190
508978
177215472
182742
200366
181401
13188202
4700309
392203
336978
962450
251
23488140
53150476
24227
45563528
23894
36603
3033581
6864584
3129
5884700
3086
4727
497233920
512740
562190
508978
64219632
66222
72608
65736
13188202
1703305
870279
260943
20563616
2566700
1529307
121202888
16767013
36001824
4561894
492052352
867669
68765760
9512946
20426022
2588239
279171200
121424608
17063582
1953857408
500441472
68891560
9681207
1108541952
283930848
2017895936
1144875008
