7978695
822
250
822
1511346
32
9
32
1234938
822
250
822
4355035
32
9
32
14203743
316406
41840
316406
14835720
4523930
268305824
268305824
14835720
4523930
268305824
268305824
14835720
4523930
268305824
268305824
459925
4523930
13595993
13595993
459925
4523930
13595993
13595993
459925
4523930
13595993
13595993
14835720
1334883
45271416
45271416
14835720
1334883
45271416
45271416
14835720
1334883
45271416
45271416
10114929
1029904128
36244344
1029904128
11394
1031208192
36244344
1031208192
11376
1029904128
36244344
1029904128
35663892
1029904128
36244344
1029904128
35718848
1031208192
36244344
1031208192
12379686
1916193
59907812
41747360
44378208
2609129
44378208
97417040
108563312
2609129
108563312
97417040
108563312
2609129
108563312
16714256
44378208
2609129
44378208
4152868
44378208
2609129
44378208
12670688
2609129
75348592
75348592
12670688
2609129
75348592
75348592
36244344
2609129
119799408
119799408
10543
1334883
4993718
4993718
10543
1334883
4993718
4993718
4523930
2609129
85586576
85586576
1533909
459925
1334883
15584604
45167008
3991056
15584604
45167008
3991056
136596544
136596544
121862
9
2609129
338
108476912
7812587
338
108476912
7812587
330221568
330221568
1533909
459925
1334883
15584604
45167008
3991056
15584604
45167008
3991056
136596544
136596544
3036719
1334883
459925
9904147
3368175
1513055
9904147
3368175
1513055
13305018
13305018
1325361
459925
4523930
15584604
267982032
13595993
15584604
267982032
13595993
821335680
821335680
1325361
459925
4523930
15584604
267982032
13595993
15584604
267982032
13595993
821335680
821335680
1325361
459925
4523930
15584604
267982032
13595993
15584604
267982032
13595993
821335680
821335680
3036719
2609129
4523930
22894856
53265248
40444968
22894856
53265248
40444968
874935104
874935104
3036719
2609129
4523930
22894856
53265248
40444968
22894856
53265248
40444968
874935104
874935104
3036719
2609129
4523930
22894856
53265248
40444968
22894856
53265248
40444968
874935104
874935104
108248600
1957283
119799408
41840
2609129
10753070
1957283
119799408
567030720
10753070
567030720
121862
459925
36244344
15584604
1266873216
108343312
15584604
1266873216
108343312
3836937728
3836937728
1533909
459925
36244344
15584604
1266873216
108343312
15584604
1266873216
108343312
3836937728
3836937728
1533909
459925
36244344
15584604
1266873216
108343312
15584604
1266873216
108343312
3836937728
3836937728
3036719
2609129
7451973
22894856
53764768
44002760
22894856
53764768
44002760
602983232
602983232
3036719
2609129
7451973
22894856
53764768
44002760
22894856
53764768
44002760
602983232
602983232
3036719
2609129
7451973
22894856
53764768
44002760
22894856
53764768
44002760
602983232
602983232
36244344
4523930
227856960
227856960
36244344
4523930
227856960
227856960
10543
1334883
14835720
4993718
62898048
49677720
4993718
62898048
49677720
236457936
236457936
10543
1334883
14835720
4993718
62898048
49677720
4993718
62898048
49677720
236457936
236457936
10543
1334883
14835720
4993718
62898048
49677720
4993718
62898048
49677720
236457936
236457936
1325361
459925
4523930
2609129
15584604
267982032
108476912
13595993
7812587
85586576
15584604
267982032
108476912
13595993
7812587
85586576
821335680
330221568
7892175872
258763840
821335680
330221568
7892175872
258763840
24519098368
24519098368
1325361
459925
4523930
2609129
15584604
267982032
108476912
13595993
7812587
85586576
15584604
267982032
108476912
13595993
7812587
85586576
821335680
330221568
7892175872
258763840
821335680
330221568
7892175872
258763840
24519098368
24519098368
3036719
2609129
7451973
4523930
22894856
53764768
53265248
44002760
40444968
81045024
22894856
53764768
53265248
44002760
40444968
81045024
602983232
874935104
1095555840
791032832
602983232
874935104
1095555840
791032832
19232374784
19232374784
3036719
99
7451973
4523930
762
53764768
53265248
44002760
40444968
81045024
762
53764768
53265248
44002760
40444968
81045024
602983232
874935104
1095555840
791032832
602983232
874935104
1095555840
791032832
19232374784
19232374784
3036719
2609129
7451973
4523930
22894856
53764768
53265248
44002760
40444968
81045024
22894856
53764768
53265248
44002760
40444968
81045024
602983232
874935104
1095555840
791032832
602983232
874935104
1095555840
791032832
19232374784
19232374784
1533909
459925
36244344
4523930
15584604
1266873216
267982032
108343312
13595993
227856960
15584604
1266873216
267982032
108343312
13595993
227856960
3836937728
821335680
19493675008
687547136
3836937728
821335680
19493675008
687547136
60421292032
60421292032
1533909
459925
36244344
4523930
15584604
1266873216
267982032
108343312
13595993
227856960
15584604
1266873216
267982032
108343312
13595993
227856960
3836937728
821335680
19493675008
687547136
3836937728
821335680
19493675008
687547136
60421292032
60421292032
36244344
4523930
459925
227856960
20404254
13042252
227856960
20404254
13042252
701966336
701966336
36244344
4523930
459925
227856960
20404254
13042252
227856960
20404254
13042252
701966336
701966336
10543
1334883
14835720
4993718
62898048
49677720
4993718
62898048
49677720
236457936
236457936
1325361
459925
4523930
2609129
15584604
267982032
108476912
13595993
7812587
85586576
15584604
267982032
108476912
13595993
7812587
85586576
821335680
330221568
7892175872
258763840
821335680
330221568
7892175872
258763840
24519098368
24519098368
1325361
459925
4523930
2609129
15584604
267982032
108476912
13595993
7812587
85586576
15584604
267982032
108476912
13595993
7812587
85586576
821335680
330221568
7892175872
258763840
821335680
330221568
7892175872
258763840
24519098368
24519098368
3036719
2609129
7451973
414
22894856
53764768
5049
44002760
3815
7455
22894856
53764768
5049
44002760
3815
7455
602983232
84687
104381
74977
602983232
84687
104381
74977
1866020
1866020
3036719
2609129
7451973
414
22894856
53764768
5049
44002760
3815
7455
22894856
53764768
5049
44002760
3815
7455
602983232
84687
104381
74977
602983232
84687
104381
74977
1866020
1866020
1533909
459925
36244344
4523930
15584604
1266873216
267982032
108343312
13595993
227856960
15584604
1266873216
267982032
108343312
13595993
227856960
3836937728
821335680
19493675008
687547136
3836937728
821335680
19493675008
687547136
60421292032
60421292032
