1424741
332
265
857
323770
13
2
7
300560
332
56
180
808342
13
6
19
2777428
184801
43704
734581
7147643
2132483
239796336
242913744
3440962
1026603
239796336
116941600
11432312
3410803
239796336
388528768
214355
2132483
3798486
3833409
103193
1026603
3798486
1845449
342852
3410803
3798486
6131352
7147643
624331
21023266
14744434
3440962
300560
21023266
7098148
11432312
998588
21023266
23583010
337
76127
8165955
37252
6501
221084800
51717
607794
2
76127
51717
235
907
76127
21961904
100189
2760994
221084800
21961904
258099584
4650449
910863
21646956
8040546
14721376
2777428
12276903
2878240
4840596
2777428
9919203
300792
626528
2777428
1226112
3522031
14721376
1216607
5377697
1180243
14721376
407688
1802083
5989660
1217088
29930878
23535768
2883494
585921
29930878
11330402
27130710
1946674
86616768
86906264
4063
483252
21059
16711
11979
1424741
21059
49270
4411603
2517868
36157876
60042468
217049
62492
182014
581522
1693803
612224
142845
499417
158940
1119195
4580694
147104
10
2777428
2
811794
31
4
2215688
60
26
265
605521
174340
507781
581522
1693803
612224
398508
1393265
443410
1119195
12779142
861589
373511
128240
3482482
1191856
612224
1520237
504410
414871
4223265
11841697
73541
25573
254416
445389
5124620
3798486
38542
446810
457345
10468754
5312742
368775
128240
1275774
445389
5124620
3798486
193274
2240537
2293366
10468754
26640836
616415
214355
2132483
445389
5124620
3798486
323061
3745104
3833409
10468754
44530724
1864627
1575803
2760994
11362704
36571568
36157876
9438751
41613416
40537364
895104768
1633646976
746852
631167
1105880
11362704
36571568
36157876
3780567
16667706
16236708
895104768
654335680
2303474
1946674
3410803
11362704
36571568
36157876
11660191
51407276
50077968
895104768
2018130560
38708888
1264219
86616768
43704
2777428
184801
7087465
123994000
25916488
388993
230181920
147104
489060
38708888
107842
6839534
14782018
224640
17822336
33285080
9606066
31690776
525093
151183
11963520
581522
29332158
14765981
345577
19591116
10259016
31534034
203562816
1698981
489060
38708888
581829
29332158
14782018
1120075
63388560
33285080
31753122
654512256
579563
489790
1417925
11362704
16133402
14721376
2933749
3892431
6130204
159206400
184621664
3286494
2777428
8040546
11362704
16133402
14721376
16636242
22072576
34762184
159206400
1046923136
1864627
1575803
4561891
11362704
16133402
14721376
9438751
12523115
19722700
159206400
593982976
7577678
952646
221084800
68905448
4319213
543000
221084800
39275544
4063
483252
5532500
21059
522195
21023266
16711
333360
11315015
1846985
7540475
4269
507781
5813323
21059
522195
21023266
17560
350280
11889350
1846985
7923219
8332
991033
11345823
21059
522195
21023266
34271
683640
23204360
1846985
15463696
436708
151863
1510788
862264
445389
5124620
2700105
3798486
1431465
36157876
228877
2653274
2357154
2715834
859293
20562020
10468754
1804168
68845560
37459408
31548436
7838038
-16476088
68643424
357005696
853413504
368352
128093
1274311
727297
445389
5124620
2700105
3798486
1431465
36157876
193052
2237968
1988199
2290736
724791
17343534
10468754
1804168
68845568
37459408
26610296
6611184
-13897168
57898936
357005664
719832448
693312
585921
1696218
1026603
11362704
16133402
36571568
14721376
36157876
38932424
3509550
4656389
15472854
7333365
15072751
23497598
159206400
895104768
702886848
568854272
220856944
607428480
929824768
585407424
32523571200
96605339648
693312
427
1696218
1026603
7110
16133402
36571568
10112
21500
38932424
2272
4656389
15472854
5403
8501
23497598
90887
495981
702886848
354370
120974
379223
929824704
376292
20917672
53336848
1864627
1575803
4561891
2760994
11362704
16133402
36571568
14721376
36157876
38932424
9438751
12523113
41613416
19722698
40537364
63195544
159206400
895104768
702886848
568854272
593982976
1633646976
2500714752
1574422400
32523569152
259814932480
1698981
489060
38708888
4866383
581829
29332158
9359337
14782018
3833852
221084800
1120075
63388560
23099238
33285080
8863895
351988288
31753122
18260520
889738752
391317888
654512256
220286032
10780559360
2217307648
4762665984
55952056320
358413
103171
8165955
1026603
581829
29332158
9359337
14782018
3833852
221084800
236289
13372331
4872972
7021758
1869910
74254792
31753122
18260518
889738752
391317888
138074704
46471124
2274246912
467759232
4762665984
11803541504
4319213
543000
54582
221084800
14765981
3798486
39275544
1914210
846296
282587648
257077936
3547948
446039
44835
221084800
14765981
3798486
32262256
1572397
695176
282587648
211172576
220
26250
300524
21059
522195
21023266
907
18108
614630
1846985
409597
798093
277533
2760994
1575803
445389
5124620
2700105
3798486
1431465
36157876
418278
4848906
4307743
4963239
1570374
37577476
10468754
1804168
68845560
37459408
57655356
14324162
-30110352
125447120
357005696
1559629440
616415
214355
2132483
1217088
445389
5124620
2700105
3798486
1431465
36157876
323061
3745104
3327131
3833409
1212895
29023354
10468754
1804168
68845568
37459408
44530724
11063418
-23256048
96890384
357005696
1204595584
1171315
989882
2865671
776
11362704
16133402
16789
14721376
16408
17483
5929200
7866724
12437
12389333
11918
19915
159206400
411302
330449
268115
373126112
474761
668549
489691
16490598
71521888
424463
358715
1038466
281
11362704
16133402
16789
14721376
16408
17483
2148633
2850756
4507
4489666
4318
7217
159206400
411302
330449
268115
135214048
172044
242270
177455
16490598
25918218
963935
277473
21961904
2760994
581829
29332158
9359337
14782018
3833852
221084800
635487
35964188
13105600
18884648
5029026
199704336
31753120
18260520
889738752
391317888
371344640
124981640
6116467200
1258013312
4762665984
31745003520
