1404289
332
263
631
319123
13
2
5
296246
332
55
133
796738
13
5
14
2739424
169074
50007
541002
6927646
2247492
245242848
238111536
3335052
1081970
245242848
114629768
11080436
3594756
245242848
380847936
212659
2247492
3727782
4039452
102376
1081970
3727782
1944641
340138
3594756
3727782
6460909
6927646
615369
20621280
14858547
3335052
296246
20621280
7153085
11080436
984253
20621280
23765532
338
73150
7897644
26677
6852
228091616
50018
645356
2
73150
50018
168
909
73150
21240294
71748
2909901
228091616
21240294
274050336
4497647
880934
20935696
7815803
14044176
2739424
39411196
2848491
4842625
2739424
10867684
293189
608697
2739424
1170043
3423585
14044176
1199960
17263434
1147254
14044176
402110
5785029
5720580
1200434
28184390
26479104
2753956
577903
28184390
12747360
26239266
1920037
82700944
111379352
4612
476315
20722
14885
13597
1404289
20722
43886
4649531
2483415
36699960
34526768
205738
61997
179401
558057
1585257
610972
104365
497369
190546
1181312
1929351
136250
10
2739424
2
833015
31
3
1060838
54
26
170
573964
172960
500492
558057
1585257
610972
291158
1387552
531584
1181312
5382472
827638
368149
127225
3346176
1188210
610972
1330767
1007323
305540
3485864
11357196
70749
25371
268137
432771
5472121
3727782
45009
1005672
481927
10401452
6728111
354772
127225
1344579
432771
5472121
3727782
225700
5042961
2416633
10401453
33738232
593010
212659
2247492
432771
5472121
3727782
377262
8429413
4039452
10401453
56394152
1791152
1554241
2909901
11276819
37977016
36699960
9465669
54038944
46413836
819702784
4144063232
717422
622530
1165522
11276819
37977016
36699960
3791348
21644586
18590448
819702784
1659849728
2212706
1920037
3594756
11276819
37977016
36699960
11693446
66757180
57337480
819702784
5119382528
37437020
1183483
82700944
50007
2739424
169074
3797423
158911088
23677582
706239
507076288
136250
485015
37437020
101704
5761874
14072009
168788
10556740
35095852
7812934
47414300
497728
149987
11570430
558057
26746428
14048150
252485
10593364
10825907
20955238
163085408
1610439
485015
37437020
558685
26746428
14072009
843960
34275640
35095852
21081062
519338432
556725
483088
1378292
11276819
15259439
14044176
2942117
5128303
5862917
172486288
290688320
3156990
2739424
7815803
11276819
15259439
14044176
16683688
29080764
33246496
172486288
1648389248
1791152
1554241
4434379
11276819
15259439
14044176
9465669
16499286
18862756
172486288
935231232
7328695
1004024
228091616
144386160
4177295
572285
228091616
82298928
4612
476315
5362215
20722
476252
20621280
14885
325686
14128046
1725835
3897839
4846
500492
5634394
20722
476252
20621280
15641
342218
14845166
1725835
4095688
9458
976807
10996610
20722
476252
20621280
30526
667905
28973212
1725835
7993528
420126
150661
1592269
850465
432771
5472121
2713952
3727782
1424982
36699960
267277
5971940
1947343
2861809
779742
11823968
10401453
2591882
69151040
47048416
39953268
6421096
283826368
137269536
425091680
2843034880
354365
127079
1343037
717345
432771
5472121
2713952
3727782
1424982
36699960
225441
5037178
1642533
2413862
657692
9973212
10401453
2591882
69151040
47048416
33699544
5416030
239400256
115783304
425091680
2398026240
665992
577903
1648807
1081970
11276819
15259439
37977016
14044176
36699960
40318912
3519559
6134824
20092958
7013619
17257760
27297904
172486288
819702784
770626624
654883840
347741120
1540860544
2745851904
1574451968
27560728576
10325322752
665992
265
1648807
1081970
4946
15259439
37977016
6338
15915
40318912
1546
6134824
20092958
3118
7494
27297902
74925
347622
770626624
283449
156809
677649
2745851904
694165
11997107
3033572
1791152
1554241
4434379
2909901
11276819
15259439
37977016
14044176
36699960
40318912
9465669
16499286
54038944
18862758
46413840
73416264
172486288
819702784
770626624
654883840
935231232
4144062976
7384823808
4234404864
27560724480
27769411584
1610439
485015
37437020
5128838
558685
26746428
9817908
14072009
3762191
228091616
843960
34275640
16777702
35095852
9313244
737564800
21081066
19636824
936948352
364693952
519338432
144327824
12299822080
4818097152
4783956480
132102455296
339735
102318
7897644
1081970
558685
26746428
9817908
14072009
3762191
228091616
178040
7230725
3539392
7403756
1964704
155595296
21081066
19636824
936948352
364693952
109558656
30447126
2594747648
1016416832
4783956480
27868092416
4177295
572285
54150
228091616
14048150
3727782
82298928
3150528
1045854
250148528
440692096
3431372
470094
44480
228091616
14048150
3727782
67603120
2587950
859100
250148528
361999456
250
25873
291274
20722
476252
20621280
808
17691
767434
1725835
211730
767789
275337
2909901
1554241
432771
5472121
2713952
3727782
1424982
36699960
488453
10913832
3558806
5230009
1424993
21608524
10401453
2591882
69151040
47048416
73015344
11734675
518698016
250862656
425091680
5195698688
593010
212659
2247492
1200434
432771
5472121
2713952
3727782
1424982
36699960
377262
8429413
2748681
4039452
1100609
16689568
10401452
2591882
69151040
47048416
56394160
9063396
400621824
193756400
425091680
4012952576
1125159
976337
2785572
794
11276819
15259439
16476
14044176
15832
17247
5946110
10364461
15671
11849138
13468
24494
172486288
362210
366512
311853
587490176
1053551
1892226
1100052
13759491
4964602
407737
353806
1009440
287
11276819
15259439
16476
14044176
15832
17247
2154761
3755890
5679
4293909
4880
8876
172486288
362210
366512
311853
212895664
381787
685708
398638
13759491
1799077
913700
275178
21240294
2909901
558685
26746428
9817908
14072009
3762191
228091616
478829
19446652
9519010
19912010
5283968
418465344
21081062
19636824
936948352
364693952
294652224
81885944
6978435072
2733599744
4783956480
74949738496
