1347677
318
249
332
306258
12
2
3
284303
318
52
70
764619
12
5
7
2641377
162064
44641
163351
6552969
2007251
237642928
108811344
3154678
966315
237642928
52383096
10481157
3210502
237642928
174038496
201262
2007251
3479084
1636644
96890
966315
3479084
787900
321909
3210502
3479084
2617734
6552969
590561
19651954
8951512
3154678
284303
19651954
4309365
10481157
944574
19651954
14317510
267
66723
7699704
15623
6120
218557136
48764
312315
1
66723
48764
98
719
66723
20707948
42018
2598853
218557136
20707948
132624640
4384923
858855
20410984
7531287
13684879
2641377
14174575
2738029
4512263
2641377
4547600
277499
589469
2641377
603660
3298958
13684879
1157012
6208942
1105491
13684879
387718
2080635
5590789
1157469
27636544
12621508
2691473
557220
27636544
6076146
25581632
1851317
80937216
58565048
4119
457113
21005
7892
12144
1347677
21005
23269
4152529
2394531
35221512
34151276
196059
58675
172169
545745
1536044
583530
77962
204282
77696
842444
112862
125504
9
2641377
1
681424
29
1
760109
31
13
13
546963
163690
480315
545745
1536044
583530
217497
569903
216755
842444
314860
805591
353307
120406
3243243
1117125
583530
892343
316179
160059
2547681
640500
69625
24011
239475
452775
6205728
3479084
25114
344230
195260
5390086
278982
349136
120406
1200853
452775
6205728
3479084
125936
1726147
979135
5390086
1398961
583588
201262
2007251
452775
6205728
3479084
210506
2885291
1636644
5390086
2338393
1743438
1498613
2598853
10968874
36337496
35221512
6549187
22160940
21029706
747018368
424195744
698311
600249
1040936
10968874
36337496
35221512
2623190
8876271
8423171
747018368
169905984
2153761
1851317
3210502
10968874
36337496
35221512
8090559
27376588
25979116
747018368
524031616
36498732
1115201
80937216
44641
2641377
162064
1200808
83558000
9024068
200497
11795278
125504
459387
36498732
65942
4202504
13691007
74421
4544645
14250082
3687381
3729828
474313
141948
11280441
545745
26220072
13622627
188608
8442866
4409823
16939924
6312007
1534678
459387
36498732
548579
26220072
13691007
610600
27317540
14250082
17376284
20668536
541894
465798
1328119
10968874
15098789
13684879
2035616
2813117
2569379
143456656
25288024
3072891
2641377
7531287
10968874
15098789
13684879
11543250
15952181
14570028
143456656
143399296
1743438
1498613
4272957
10968874
15098789
13684879
6549187
9050641
8266462
143456656
81359128
7145015
896701
218557136
45584532
4072600
511112
218557136
25982808
4119
457113
5072203
21005
505378
19651954
7892
185115
7135380
1520560
544523
4328
480315
5329662
21005
505378
19651954
8293
194512
7497563
1520560
572162
8447
937428
10401866
21005
505378
19651954
16185
379627
14632943
1520560
1116685
413451
142587
1422066
820026
452775
6205728
2858184
3479084
1352937
35221512
149136
2044127
924416
1159505
441319
11695378
5390086
1880565
68059776
33124396
1656669
662524
23464350
11072552
60224616
19712328
348735
120268
1199476
691671
452775
6205728
2858184
3479084
1352937
35221512
125792
1724168
779721
978012
372241
9864749
5390086
1880565
68059776
33124396
1397357
558822
19791572
9339412
60224616
16626837
648251
557220
1588786
966315
10968874
15098789
36337496
13684879
35221512
37254448
2435142
3365242
8239961
3073666
7819342
8643914
143456656
747018368
594245248
488802624
30251248
157726016
147854000
116827264
14661339136
3689501184
648251
283
1588786
966315
4505
15098789
36337496
6397
13584
37254448
999
3365242
8239961
1444
3026
8643914
53593
264694
594245184
178885
11279
55454
147854000
40972
5102275
1304412
1743438
1498613
4272957
2598853
10968874
15098789
36337496
13684879
35221512
37254448
6549187
9050641
22160940
8266462
21029706
23247352
143456656
747018368
594245248
488802624
81359136
424195744
397645536
314200768
14661339136
9922718720
1534678
459387
36498732
4580601
548579
26220072
8922284
13691007
3600730
218557136
610600
27317540
9624386
14250082
3818661
232858496
17376284
8150089
536559168
218050336
20668536
7962961
551164160
225084512
576708736
746319808
323753
96911
7699704
966315
548579
26220072
8922284
13691007
3600730
218557136
128811
5762857
2030342
3006170
805577
49123396
17376284
8150089
536559168
218050336
4360196
1679851
116272568
47483408
576708736
157442208
4072600
511112
51247
218557136
13622627
3479084
25982808
1578909
404399
199023648
23691894
3345371
419845
42096
218557136
13622627
3479084
21343156
1296969
332187
199023648
19461324
223
24830
275521
21005
505378
19651954
428
10055
387593
1520560
29578
755590
260580
2598853
1498613
452775
6205728
2858184
3479084
1352937
35221512
272549
3735680
1689388
2119016
806518
21373520
5390086
1880564
68059776
33124396
3027593
1210775
42881540
20235296
60224616
36024640
583588
201262
2007251
1157469
452775
6205728
2858184
3479084
1352937
35221512
210506
2885291
1304817
1636644
622923
16508061
5390086
1880565
68059776
33124396
2338393
935155
33120004
15628941
60224616
27824008
1095186
941393
2684170
633
10968874
15098789
14967
13684879
14342
14612
4114044
5685399
5719
5192796
5393
5746
143456656
313933
247037
201504
51107880
114259
105274
82011
6239484
2665302
396875
341143
972694
229
10968874
15098789
14967
13684879
14342
14612
1490854
2060284
2072
1881773
1954
2082
143456656
313933
247037
201504
18520558
41405
38149
29719
6239484
965856
870716
260638
20707948
2598853
548579
26220072
8922284
13691007
3600730
218557136
346430
15498900
5460499
8084937
2166558
132114768
17376284
8150089
536559168
218050336
11726517
4517871
312708928
127704120
576708736
423432512
