1336062
317
248
317
303618
12
2
2
281853
317
52
67
758029
12
5
7
2609839
255146
41750
258687
6512722
1963663
234944496
105089560
3135303
945331
234944496
50591384
10416784
3140785
234944496
168085680
200410
1963663
3422481
1502732
96480
945331
3422481
723433
320547
3140785
3422481
2403548
6512722
585471
19439988
8545443
3135303
281853
19439988
4113879
10416784
936433
19439988
13668023
139
34603
7633537
7315
5987
215909792
48345
285516
0
34603
48345
46
376
34603
20529994
19674
2542418
215909792
20529994
121244328
4347241
851475
20235584
7460323
13491420
2609839
13212604
2725239
6535542
2609839
6435520
276069
666143
2609839
658245
3267873
13491420
1143197
5787566
1095074
13491420
383089
1939431
5539656
1143649
27320708
11977923
2666857
550566
27320708
5766317
25361796
1829212
80371608
56288872
3568
453173
16706
5363
10520
1336062
16706
15811
4062355
2365941
34824904
31400750
195674
58426
170685
699192
1963652
584585
90172
244233
73151
1386000
169076
121752
9
2609839
1
503714
29
1
504026
29
9
9
545890
162998
476175
699192
1963652
584585
251560
681358
204077
1386000
471687
795977
350262
119897
3925493
1393825
584585
1011245
377080
153212
2850538
711911
69181
23910
234275
603798
17927784
3422481
31809
925572
179283
17275548
855993
346914
119897
1174776
603798
17927784
3422481
159511
4641300
899021
17275548
4292394
579874
200410
1963663
603798
17927784
3422481
266626
7758028
1502732
17275548
7174826
1722632
1480720
2542418
12898389
44018408
34824904
7349871
24698728
19999884
840206272
481418976
689977
593082
1018332
12898389
44018408
34824904
2943894
9892750
8010689
840206272
192826000
2128059
1829212
3140785
12898389
44018408
34824904
9079688
30511656
24706920
840206272
594722432
36185080
1643947
80371608
41750
2609839
255146
1619881
80310456
19484444
253085
18757974
121752
457308
36185080
55734
3562053
13624845
56826
3505028
13569795
2778984
2665138
473383
141348
11183502
699192
44269304
13624806
218147
13336631
4193309
34180576
10302489
1531667
457308
36185080
699434
44269304
13624845
706530
43151696
13569795
34220456
33348876
535428
460237
1315605
12898389
15307389
13491420
2284485
2689580
2352515
148978704
26440916
3036219
2609839
7460323
12898389
15307389
13491420
12954494
15251642
13340270
148978704
149936928
1722632
1480720
4232694
12898389
15307389
13491420
7349872
8653184
7568746
148978704
85068336
7083615
877229
215909792
42146452
4037602
500013
215909792
24023132
3568
453173
5041051
16706
409614
19439988
5363
138572
6611038
1208926
412681
3749
476175
5296928
16706
409614
19439988
5635
145605
6946605
1208926
433628
7317
929349
10337980
16706
409614
19439988
10998
284177
13557643
1208926
846310
410820
141983
1391186
810235
603798
17927784
5345417
3422481
1351242
34824904
188895
5496288
1654797
1064633
416780
10753438
17275548
4472029
318002560
32799714
5083110
1378133
99064512
10448641
303953120
94697424
346516
119759
1173429
683412
603798
17927784
5345417
3422481
1351242
34824904
159328
4635977
1395778
897990
351543
9070247
17275548
4472029
318002560
32799714
4287472
1162419
83558368
8813159
303953120
79874848
640515
550566
1573815
945331
12898389
15307389
44018408
13491420
34824904
36289336
2732856
3217458
9183571
2814238
7436429
7632207
148978704
840206272
659594240
458810240
31630416
179002944
140793312
98102128
15104256000
2912654336
640515
19
1573815
945331
490
15307389
44018408
495
1349
36289336
104
3217458
9183571
103
288
7632207
5823
33381
659594240
18011
1243
7106
140793312
3885
602171
114128
1722632
1480720
4232694
2542418
12898389
15307389
44018408
13491420
34824904
36289336
7349871
8653184
24698728
7568746
19999884
20526418
148978704
840206272
659594240
458810240
85068336
481418976
378656192
263840480
15104256000
7833429504
1531667
457308
36185080
4481132
699434
44269304
20858094
13624845
3424855
215909792
706530
43151696
20600128
13569795
3433822
215295840
34220456
20133264
1958961920
198101344
33348876
19122736
1833251072
187829504
1958599680
1857111680
323117
96472
7633537
945331
699434
44269304
20858094
13624845
3424855
215909792
149048
9103201
4345765
2862658
724392
45418408
34220456
20133264
1958962048
198101344
7035217
4034096
386739200
39624164
1958599680
391772832
4037602
500013
51031
215909792
13624806
3422481
24023132
1536133
381164
203724736
23371666
3316623
410728
41918
215909792
13624806
3422481
19733414
1261831
313101
203724736
19198276
193
24616
273829
16706
409614
19439988
291
7527
359110
1208926
22416
750781
259478
2542418
1480720
603798
17927784
5345417
3422481
1351242
34824904
345209
10044569
3024173
1945636
761674
19652108
17275548
4472029
318002560
32799714
9289478
2518563
181042272
19095084
303953120
173061312
579874
200410
1963663
1143649
603798
17927784
5345417
3422481
1351242
34824904
266626
7758028
2335751
1502732
588286
15178510
17275548
4472029
318002560
32799714
7174826
1945239
139829872
14748288
303953120
133665720
1082116
930153
2658878
608
12898389
15307389
18659
13491420
14566
14398
4617016
5435725
6571
4754507
5215
5128
148978704
366189
285359
197079
53437912
130208
101872
70744
6709381
2074226
392139
337070
963528
220
12898389
15307389
18659
13491420
14566
14398
1673121
1969807
2381
1722945
1890
1858
148978704
366189
285359
197079
19364918
47185
36916
25636
6709381
751661
869008
259458
20529994
2542418
699434
44269304
20858094
13624845
3424855
215909792
400857
24482578
11687704
7698969
1948215
122150408
34220456
20133264
1958962048
198101344
18920844
10849490
1040114688
106567088
1958599680
1053652352
