1340347
726
225
852
212383
38
2
-18
177754
726
28
97
619437
38
2
-48
2607341
148267
41017
144303
4976149
1261639
235025504
66023064
1747299
307842
235025504
10395566
9171227
2721429
235025504
145790016
142621
1261639
3470143
849000
43429
307842
3470143
191323
302974
2721429
3470143
2047203
4976149
447888
19440968
6480753
1747299
177754
19440968
1947902
9171227
794791
19440968
13500065
6
1333
5936441
1023
1278
215066176
3675
54083
2
1333
3675
-23
10
1333
21274256
167
1947653
215066176
21274256
112798480
4517684
708860
21365540
7475001
13373247
2607341
13624627
2741214
4419316
2607341
4446850
277326
792142
2607341
780764
3213558
13373247
825078
4870574
865554
13373247
220296
1553390
4832485
825887
27303436
8660552
1758601
297316
27303436
2990202
26714934
1504760
80093256
57101400
5295
514678
13631
7100
10391
1340347
13631
14350
3960941
2229188
34838904
32397368
107228
39846
94733
547947
1533050
585271
42766
110722
47222
847741
48964
121843
10
2607341
6
360781
137
12
360344
63
93
216
440989
157800
379678
547947
1533050
585271
181866
467606
205145
847741
290589
1085662
642515
209883
3240670
1116877
585271
2248237
726011
300288
2501747
1863065
109352
19050
167626
423559
5039275
3470143
23325
220543
122446
4247170
154536
705692
209883
2849108
423559
5039275
3470143
242504
3684123
2500284
4247170
3262082
455341
142621
1261639
423559
5039275
3470143
127273
1382408
849000
4247170
733487
1808015
1164624
1947653
10873916
36352632
34838904
6555759
21281664
16370694
751566592
525438848
667738
415383
771368
10873916
36352632
34838904
2730231
8566777
7010407
751566592
201558112
2231792
1504760
2721429
10873916
36352632
34838904
8163943
26345460
21731634
751566592
633899712
36261704
1034760
80093256
41017
2607341
148267
1030338
79664336
7658416
145989
9567789
121843
460463
36261704
45064
2760204
13578765
45436
2816610
13882738
1848381
1648951
457994
84046
10358193
547947
26121556
13578765
104790
7543794
2961839
16402916
2761903
1536367
460463
36261704
547947
26121556
13578765
546950
26189358
13882738
16402916
16418832
495107
301967
1185619
10873916
14819743
13373247
1892315
2751113
1870234
133258552
24983886
3048962
2607341
7475001
10873916
14819743
13373247
11006594
14950416
13367287
133258552
126854592
1808015
1164624
4393842
10873916
14819743
13373247
6555759
9020940
7141888
133258552
97814112
8866614
2356552
215066176
148041600
4984110
1053577
215066176
83449584
5295
514678
5559197
13631
331802
19440968
7100
181039
7035054
731118
480098
2241
379678
4584342
13631
331802
19440968
4767
127418
6914998
731118
398830
7734
920913
10393892
13631
331802
19440968
10823
321858
14472413
731118
861142
296937
84094
697993
527667
423559
5039275
2560869
3470143
1352702
34838904
74684
754662
508240
460686
252984
5833672
4247170
1639929
51610384
33069124
386242
235118
8778193
7675791
50918028
9108438
233597
63387
493935
410608
423559
5039275
2560869
3470143
1352702
34838904
56009
499649
384444
322383
196919
3768567
4247170
1639929
51610384
33069124
240991
151435
6246681
3075842
50918028
5810138
439775
297316
1134387
307842
10873916
14819743
36352632
13373247
34838904
35743324
1158979
1889192
3028157
1525164
2173765
3075751
133258552
751566592
538679552
436539584
20997832
78147600
60191360
46025504
12867585024
1071916800
439775
37
1134387
307842
1683
14819743
36352632
227
2555
35743324
456
1889192
3028157
-529
331
3075751
17140
120224
538679552
1007
-10431
-3936
60191360
28542
1285186
-21992
1808015
1164624
4393842
1947653
10873916
14819743
36352632
13373247
34838904
35743324
6555759
9020940
21281664
7141888
16370694
18218320
133258552
751566592
538679552
436539584
97814112
525438848
382896896
256840960
12867585024
8758953984
1536367
460463
36261704
4542595
547947
26121556
8897537
13578765
3470143
215066176
546950
26189358
8513562
13882738
3478623
212964224
16402916
7733985
501081344
205113088
16418832
7378499
438743040
182425536
492261504
545037248
277071
43429
5936441
307842
547947
26121556
8897537
13578765
3470143
215066176
52283
4235612
317559
1510594
191323
17261260
16402916
7733985
501081344
205113088
1898224
125631
19930036
4399311
492261504
38497856
4984110
1053577
87045
215066176
13578765
3470143
83449584
2730778
929098
199716544
86141376
3857260
682746
59106
215066176
13578765
3470143
53160896
1838279
578630
199716544
59907936
300
20263
257145
13631
331802
19440968
184
1554
350615
731118
-9858
644335
220821
1947653
1164624
423559
5039275
2560869
3470143
1352702
34838904
204261
2325157
1231719
1391288
628033
17384736
4247170
1639929
51610384
33069124
1082454
673739
27630290
16155649
50918028
27614200
455341
142621
1261639
825887
423559
5039275
2560869
3470143
1352702
34838904
127273
1382408
813201
849000
423593
10736624
4247170
1639929
51610384
33069124
733487
415348
15754733
10466126
50918028
20315840
1187120
761690
2809892
204
10873916
14819743
4650
13373247
3096
1682
4759455
6572711
2856
4637200
1766
948
133258552
118538
54858
30107
69558224
78431
72171
52420
1361467
2037566
383830
256247
885086
83
10873916
14819743
4650
13373247
3096
1682
1581668
2029005
438
1715733
9
-240
133258552
118538
54858
30107
21551048
13601
3666
2020
1361467
519995
818070
220821
21274256
1947653
547947
26121556
8897537
13578765
3470143
215066176
266910
14579549
3349316
7309472
1391288
105126928
16402916
7733985
501081344
205113088
6801137
2359056
220433856
96565768
492261504
278504672
