7977516
953
250
953
1517291
30
10
30
1237213
953
244
937
4369539
30
10
30
18607788
341486
41840
341486
14835240
4523725
315970208
315969984
14595321
4446679
315970208
311167872
14835720
4523930
315970208
315970208
459910
4523725
4512400
4512195
452415
4446679
4512400
4438247
459925
4523930
4512400
4512400
14835240
1334839
53591980
53591864
14595321
1314030
53591980
52712864
14835720
1334883
53591980
53591980
44
5361
35673116
5361
10958
1146953728
153045
4134529
2
5361
153045
612
178
5361
36244344
5361
39569632
1146953728
36244344
1146953728
19491592
2998269
94755600
41859912
44526144
2609129
44526144
17361612
17889092
2609129
17889092
2937906
3098272
2609129
3098272
16834192
44526144
2609047
44525728
4170431
44526144
2416820
41387092
12670246
2609047
75580560
75579984
12469692
2567442
75580560
74524064
36244344
2609129
190035936
190035936
10544
1334829
137915
137915
10544
1334883
137915
137915
4523930
2609129
95027952
95027952
1389377
416536
1207684
1511114
4387656
1324455
1379602
4003254
1202425
4371510
3989452
121863
10
2609129
7
1936982
325
7
1936982
325
261
261
1533755
459838
1334633
1511114
4387656
1324455
1510930
4387135
1324221
4371510
4371015
2597867
1201147
410747
9896923
3362679
1514936
9896918
3362677
1428585
13297704
13297704
861004
292535
2842775
734423
7525579
4512400
475645
4798326
2836971
7514726
4790924
1223128
410747
4298157
734423
7525579
4512400
701803
7525545
4292096
7514726
7514692
1325339
459910
4523725
734423
7525579
4512400
734418
7525561
4512195
7514726
7514708
3036719
2609129
4523930
22878648
53209192
50619640
22878648
53209192
50619640
1055511296
1055511296
3017488
2592681
4498957
22878648
53209192
50619640
22781162
53011812
50421572
1055511296
1051787776
3036719
2609129
4523930
22878648
53209192
50619640
22878648
53209192
50619640
1055511296
1055511296
170872928
2938367
190035936
41840
2609129
952898
2938367
190035936
72477840
952898
72477840
121863
459925
36244344
333895
24691566
35780460
333895
24691566
35780460
24589916
24589916
1533078
459610
36218816
1511114
113171056
35780460
1510340
113113808
35755432
112582952
112526176
1533909
459925
36244344
1511114
113171056
35780460
1511114
113171056
35780460
112582952
112582952
2960832
2543100
7269403
22878648
53675280
57380796
22383968
52542020
56084464
748125376
732705664
3036719
2609129
7451973
22878648
53675280
57380796
22878648
53675280
57380796
748125376
748125376
3036719
2609129
7451973
22878648
53675280
57380796
22878648
53675280
57380796
748125376
748125376
30309404
4277928
364885376
359319680
29059130
4157264
364885376
350880864
10544
1334829
14835143
137915
1687059
49581520
137915
1687059
49581036
5830423
5830423
10542
1334633
14833117
137915
1687059
49581520
137915
1687059
49579832
5830423
5830423
10544
1334883
14835720
137915
1687059
49581520
137915
1687059
49581520
5830423
5830423
1324595
459637
4520849
2607499
734423
7525579
4260500
4512400
2591299
95027952
733971
7520036
4257707
4510108
2589695
94966248
7514726
4247425
168343184
94940032
7509183
4244632
168222016
94878320
168233392
168112224
1321670
458445
4509880
2600787
734423
7525579
4260500
4512400
2591299
95027952
732477
7504163
4248586
4499505
2583087
94768160
7514726
4247425
168343184
94940032
7493310
4235511
167855280
94680240
168233392
167745488
2988707
2567442
7335796
4446679
22878648
53675280
53209192
57380796
50619640
81158488
22536284
52876216
52407320
56608688
49853144
79977792
748125376
1055511296
1095259392
986169408
738248576
1040808704
1080050304
971904896
23127865344
22817607680
2988707
95
7335796
4446679
1940
53675280
53209192
7237
6341
81158488
1903
52876216
52407320
7237
6069
79977792
153029
202098
1095259392
105652
153029
202098
1080050304
101202
3526386
3526386
3036719
2609129
7451973
4523930
22878648
53675280
53209192
57380796
50619640
81158488
22878648
53675280
53209192
57380796
50619640
81158488
748125376
1055511296
1095259392
986169408
748125376
1055511296
1095259392
986169408
23127865344
23127865344
1533909
459925
36244344
4523930
1511114
113171056
15838865
35780460
4512400
364885376
1511114
113171056
15838865
35780460
4512400
364885376
112582952
15814594
1298893440
364480448
112582952
15814594
1298893440
364480448
1297632768
1297632768
1511298
452415
35673116
4446679
1511114
113171056
15838865
35780460
4512400
364885376
1489930
111662240
15588078
35221344
4438247
360008704
112582952
15814594
1298893440
364480448
111088880
15560878
1281682816
359604448
1297632768
1280404224
29059130
4157264
393497
364885376
32241082
14523737
350880864
28739936
13978056
1246475264
1203886464
28116400
4040966
381313
364885376
32241082
14523737
333020928
27920844
13228117
1246475264
1139369984
3908
497693
5561989
137915
1687059
49581520
51570
630544
18571496
5830423
2218893
1325361
459925
4523930
2609129
734423
7525579
4260500
4512400
2591299
95027952
734423
7525579
4260500
4512400
2591299
95027952
7514726
4247425
168343184
94940032
7514726
4247425
168343184
94940032
168233392
168233392
1325339
459910
4523725
2609047
734423
7525579
4260500
4512400
2591299
95027952
734418
7525561
4260476
4512195
2591217
95027808
7514726
4247425
168343184
94940032
7514708
4247401
168343040
94939888
168233392
168233248
3036105
2608654
7450483
414
22878648
53675280
6367
57380796
4549
6625
22877652
53673992
6367
57378992
4549
6625
748125376
137273
112375
83541
748098304
137273
112375
83541
2499428
2499428
2868127
2461672
7034004
388
22878648
53675280
6367
57380796
4549
6625
21652264
50936356
5865
54288916
4271
6378
748125376
137273
112375
83541
712820992
128225
101847
77581
2499428
2235432
1533909
459925
36244344
4523930
1511114
113171056
15838865
35780460
4512400
364885376
1511114
113171056
15838865
35780460
4512400
364885376
112582952
15814594
1298893440
364480448
112582952
15814594
1298893440
364480448
1297632768
1297632768
