1337212
4480
318
5144
226653
179
1
32
192793
4480
45
745
669665
179
5
98
2617318
319340
42220
367736
5480102
1623771
236719104
89917984
2169991
650283
236719104
36504428
9422122
2779095
236719104
151452704
172724
1623771
3484148
1291229
67630
650283
3484148
514940
301837
2779095
3484148
2220369
5480102
489421
35185360
13691349
2169991
192793
35185360
5513070
9422122
851838
35185360
23320954
2
666
5599013
104
1875
217998400
6645
101359
0
666
6645
0
6
666
19790236
355
2201492
217998400
19790236
111873968
4200934
656565
20128818
7506025
16731298
2617318
17535124
2748737
6127070
2617318
6421434
278407
620584
2617318
650399
2991262
16731298
962945
6508962
743847
16731298
238458
1613097
5027641
963760
27375164
10516749
1943212
378874
27375164
4157364
25083750
1678421
80303144
53793920
3509
456274
42611
15545
10638
1337212
42611
48037
3781013
2264307
34980388
31823220
114596
37799
105617
568629
2067839
709824
45766
160645
57897
1431128
122964
122449
12
2617318
44
828448
344
63
873066
405
1535
2834
447079
144700
406897
568629
2067839
709824
178190
629129
223984
1431128
481178
1000184
662893
201834
5755660
1132048
709824
4136125
659733
392181
5107478
4112597
123535
30143
427727
491196
8376612
3484148
45273
956320
358593
7631801
877849
827163
201834
2863948
491196
8376612
3484148
303136
6403269
2401043
7631801
5877844
475704
172724
1623771
491196
8376612
3484148
187282
3065861
1291229
7631801
3440761
1643325
1319173
2201492
10918897
36678096
34980388
5725618
18671974
19275964
762818240
444403520
567795
447405
737663
10918897
36678096
34980388
1914667
6199161
6444104
762818240
148242176
2077079
1678421
2779095
10918897
36678096
34980388
7198894
23328698
24206816
762818240
551498560
36470372
1993766
80303144
42220
2617318
319340
2078965
84392872
28439080
358288
34011940
122449
465415
36470372
75079
5359961
13707227
79176
5255022
14405831
4837717
5136016
367112
113314
9420771
568629
29419524
13707227
143982
7547982
3540017
20100692
5143273
1539239
465415
36470372
568629
29419524
13707227
605248
31507000
14405831
20100692
22027904
413828
323146
1037314
10918897
17735168
16731298
1362969
2309727
2276884
210248624
29453056
3058500
2617318
7506025
10918897
17735168
16731298
11803490
18234636
18157144
210248624
258500336
1643325
1319173
4084914
10918897
17735168
16731298
5725618
9372724
9246816
210248624
124686992
7475683
2127930
217998400
112315152
4159424
1183967
217998400
62491472
3509
456274
4938107
42611
542764
35185360
15545
183441
12184648
5823606
2254638
3079
406897
4494429
42611
542764
35185360
13718
161500
10743456
5823606
2076083
6778
888796
9710541
42611
542764
35185360
30093
354557
23580172
5823606
4452732
321341
114371
1098547
640614
491196
8376612
3470235
3484148
1367061
34980388
125865
2092352
877294
870961
344658
9371870
7631801
2348393
108089552
34859628
2329558
662340
29357900
9653203
106574768
25434184
259453
92154
887004
516355
491196
8376612
3470235
3484148
1367061
34980388
101561
1690611
708464
702680
277793
7575328
7631801
2348393
108089544
34859628
1882773
534889
23737136
7804503
106574768
20615688
469506
378874
1155815
650283
10918897
17735168
36678096
16731298
34980388
43692384
1703809
2719859
5653863
2658590
5748227
6479420
210248624
762818240
871290496
676369728
37806328
135803232
164510976
120745960
23307022336
3575265792
469506
14
1155815
650283
451
17735168
36678096
656
1465
43692384
70
2719859
5653862
105
240
6479420
8971
32959
871290496
28897
1607
5833
164510976
5180
1006238
158721
1643325
1319173
4084914
2201492
10918897
17735168
36678096
16731298
34980388
43692384
5725618
9372723
18671974
9246816
19275964
22101876
210248624
762818240
871290496
676369728
124686992
444403520
550207872
402912448
23307026432
11678992384
1539239
465415
36470372
4545079
568629
29419524
9721976
13707227
3484148
217998400
605248
31507000
10137142
14405831
3628786
222035904
20100692
8861958
681570368
202533632
22027904
10912306
766763776
243500256
653838464
858414912
220204
67630
5599013
650283
568629
29419524
9721976
13707227
3484148
217998400
86280
4516881
1440508
2105629
514940
31481374
20100692
8861958
681570368
202533632
3079221
1594149
112193376
35861136
653838464
123500648
4159424
1183967
83439
217998400
13707227
3484148
62491472
2424672
989920
201177920
62632908
3283060
934513
65858
217998400
13707227
3484148
49324920
1913809
781350
201177920
49436552
159
21889
237605
42611
542764
35185360
697
8032
548380
5823606
102886
645776
236854
2201492
1319173
491196
8376612
3470235
3484148
1367061
34980388
255446
4133603
1763130
1755521
710425
18600316
7631801
2348393
108089552
34859628
4643214
1328259
57833624
19166672
106574768
48873480
475704
172724
1623771
963760
491196
8376612
3470235
3484148
1367061
34980388
187282
3065861
1297739
1291229
518018
13771431
7631801
2348393
108089544
34859628
3440761
979142
42934760
14183582
106574768
36747680
1003767
802818
2510317
121
10918897
17735168
3295
16731298
3157
3951
3402657
5664506
1014
5621819
1046
1229
210248624
67534
76090
59782
73107048
23796
28527
20663
2024713
601982
323111
263548
810856
39
10918897
17735168
3295
16731298
3157
3951
1095347
1821745
323
1830924
335
398
210248624
67534
76090
59782
23039552
7550
9034
6538
2024713
188961
747341
236854
19790236
2201492
568629
29419524
9721976
13707227
3484148
217998400
295801
15473826
4807781
7447853
1755521
106949968
20100692
8861958
681570368
202533632
10522116
5356490
375674176
123026880
653838400
411008416
