1343988
321
253
323
231668
12
1
2
194982
321
36
46
681460
12
5
6
2649383
153937
43176
161692
5562444
1716824
238907808
96493440
2202546
685670
238907808
39167616
9563198
2941541
238907808
161269792
172591
1716824
3550403
1346983
67607
685670
3550403
538703
301564
2941541
3550403
2306301
5562444
497423
19665586
7330122
2202546
194982
19665586
2923206
9563198
867648
19665586
12614059
2
728
5611986
114
1929
224051872
6679
101207
0
728
6679
0
7
728
19826924
384
2329898
224051872
19826924
117760672
4206199
657836
20155980
7524985
20075176
2649383
20717586
2744649
5107794
2649383
5268322
277993
517414
2649383
533676
3021138
20075176
974621
7642724
751883
20075176
241376
1892866
5072752
975450
27849974
10468954
1960607
383500
27849974
4146195
25125420
1697901
81656912
53575652
3518
461027
15742
5540
10825
1343988
15742
16942
3999287
2290533
35537020
31743592
122325
37741
108480
723778
2020052
591087
55370
158104
49998
1511060
120762
123600
10
2649383
1
537836
29
1
565987
30
10
9
470503
144558
415705
723778
2020052
591087
215301
612899
191865
1511060
469761
1607639
607605
203757
4006565
1434603
591087
2481801
839115
281373
2993110
2061287
104631
30430
439836
625322
20173358
3550403
54702
2488950
350472
20136158
2334088
700586
203757
2945025
625322
20173358
3550403
366274
16665349
2346667
20136158
15628433
495584
172591
1716824
625322
20173358
3550403
227376
7969002
1346983
20136158
7363489
1545480
1334829
2329898
13513099
47054064
35537020
6842126
25080360
18250532
929912448
476139136
523097
452746
781413
13513099
47054064
35537020
2279134
8334033
6068731
929912448
157112128
1954168
1697901
2941541
13513099
47054064
35537020
8583750
31275840
22842788
929912448
592956160
36557080
1080447
81656912
43176
2649383
153937
1249113
84011616
8458344
162319
11285519
123600
465557
36557080
57526
3760976
13792440
58267
3866591
14433394
3055156
2826352
379592
113265
9442230
723778
47190652
13792440
175013
11854312
3540142
38186672
8351873
1555378
465557
36557080
723778
47190652
13792440
731517
48660368
14433394
38186672
35551524
376230
326948
1052936
13513099
23978304
20075176
1616979
2920346
2538652
371869504
40113504
3081392
2649383
7524985
13513099
23978304
20075176
14234044
24819338
20817004
371869504
380730272
1545480
1334829
4127793
13513099
23978304
20075176
6842126
12152230
10413537
371869504
175227776
7512756
2188170
224051872
112851848
4180052
1217484
224051872
62790088
3518
461027
5018634
15742
356217
19665586
5540
130112
6743802
1055184
354621
3062
415705
4561433
15742
356217
19665586
4781
115772
6009723
1055184
337037
6767
903006
9862146
15742
356217
19665586
10612
252773
13121012
1055184
711407
331508
114328
1158956
648501
625322
20173358
5815654
3550403
1376829
35537020
153004
5470051
1492655
910062
346383
9492976
20136158
5218211
391353760
34476528
5060465
1204709
101006776
9412148
426147232
150290208
267469
92124
935410
522703
625322
20173358
5815654
3550403
1376829
35537020
123498
4426519
1206686
734727
279262
7678439
20136158
5218211
391353760
34476528
4096267
975526
81798728
7611064
426147232
121288768
449956
383500
1163801
685670
13513099
23978304
47054064
20075176
35537020
60883036
2051914
3596791
7616496
3027915
5502447
9523628
371869504
929912448
1716099456
1069057920
54777464
145804160
269789248
161589504
47094779904
9429993472
449956
14
1163801
685670
351
23978304
47054064
603
830
60883036
51
3596791
7616496
92
122
9523628
7496
17182
1716099456
21633
1057
2713
269789248
3305
837723
158783
1545480
1334829
4127793
2329898
13513099
23978304
47054064
20075176
35537020
60883036
6842126
12152230
25080360
10413537
18250532
32120140
371869504
929912448
1716099328
1069057920
175227776
476139136
876536320
528253120
47094779904
31355295744
1555378
465557
36557080
4796855
723778
47190652
23375124
13792440
3550403
224051872
731517
48660368
26032490
14433394
3763755
235563616
38186672
23324456
2480863232
208988128
35551524
23909216
2673554688
225285792
2536970752
2730915328
227113
67607
5611986
685670
723778
47190652
23375124
13792440
3550403
224051872
104904
7103880
3762061
2107101
538703
33919720
38186672
23324456
2480863232
208988128
5016444
3481545
385540736
32621736
2536970752
397985728
4180052
1217484
84234
224051872
13792440
3550403
62790088
2374750
962189
206547408
66777120
3299342
960968
66486
224051872
13792440
3550403
49560616
1874405
759462
206547424
52707608
155
22545
240994
15742
356217
19665586
243
5774
310923
1055184
16807
673976
236598
2329898
1334829
625322
20173358
5815654
3550403
1376829
35537020
309417
10673697
2961761
1827292
710327
18672356
20136158
5218211
391353760
34476528
9834733
2341140
194684528
18596752
426147232
301293024
495584
172591
1716824
975450
625322
20173358
5815654
3550403
1376829
35537020
227376
7969002
2197595
1346983
519446
13888238
20136158
5218211
391353760
34476528
7363489
1750886
145744992
13819378
426147232
224436624
932122
812125
2542289
129
13513099
23978304
4589
20075176
3440
5877
4044806
7248272
1438
6288732
1045
1851
371869504
92207
170662
105929
100820624
27579
50625
30455
4709296
1852463
302349
266449
821110
41
13513099
23978304
4589
20075176
3440
5877
1297841
2328198
455
2039252
333
593
371869504
92207
170662
105929
31900688
8737
15970
9607
4709296
588262
780068
236598
19826924
2329898
723778
47190652
23375124
13792440
3550403
224051872
358301
24072772
12373824
7411740
1827292
114186256
38186672
23324456
2480863232
208988128
16824348
11401968
1267920384
107749912
2536970752
1270043264
