7981421
926
250
926
1514043
37
10
37
1236406
926
250
926
4361849
37
10
37
14175266
308642
41839
308642
14835720
4523930
227044352
227044352
14835720
4523930
227044352
227044352
14835720
4523930
227044352
227044352
459925
4523930
13567217
13567217
459925
4523930
13567217
13567217
459925
4523930
13567217
13567217
14835720
1334883
35158616
35158616
14835720
1334883
35158616
35158616
14835720
1334883
35158616
35158616
10109414
1028928256
36244344
1028928256
11425
1031227008
36244344
1031227008
11393
1028928256
36244344
1028928256
35637336
1028928256
36244344
1028928256
35735512
1031227008
36244344
1031227008
8572751
1278044
47897648
41796800
44539248
2609129
44539248
67091576
75619168
2609129
75619168
67091576
75619168
2609129
75619168
16741637
44539248
2609129
44539248
4159656
44539248
2609129
44539248
12670688
2609129
75493840
75493840
12670688
2609129
75493840
75493840
36244344
2609129
96240176
96240176
10544
1334883
5428207
5428207
10544
1334883
5428207
5428207
4523930
2609129
85655056
85655056
1533909
459925
1334883
3119632
9154539
3986530
3119632
9154539
3986530
27682168
27682168
121863
10
2609129
3284
86638816
36532
3284
86638816
36532
13007211
13007211
1533909
459925
1334883
3119632
9154539
3986530
3119632
9154539
3986530
27682168
27682168
3036719
1334883
459925
11203258
3776124
1514702
11203258
3776124
1514702
14911957
14911957
1325361
459925
4523930
3119632
44528176
13567217
3119632
44528176
13567217
138183072
138183072
1325361
459925
4523930
3119632
44528176
13567217
3119632
44528176
13567217
138183072
138183072
1325361
459925
4523930
3119632
44528176
13567217
3119632
44528176
13567217
138183072
138183072
3036719
2609129
4523930
27981180
69013296
40336400
27981180
69013296
40336400
1442774912
1442774912
3036719
2609129
4523930
27981180
69013296
40336400
27981180
69013296
40336400
1442774912
1442774912
3036719
2609129
4523930
27981180
69013296
40336400
27981180
69013296
40336400
1442774912
1442774912
86537776
1578186
96240176
41839
2609129
11581527
1578186
96240176
492619584
11581527
492619584
121863
459925
36244344
11829810
973147776
108234136
11829810
973147776
108234136
2939116544
2939116544
1533909
459925
36244344
3119632
255477920
108234136
3119632
255477920
108234136
774846464
774846464
1533909
459925
36244344
3119632
255477920
108234136
3119632
255477920
108234136
774846464
774846464
3036719
2609129
7451973
27981180
60945880
43953632
27981180
60945880
43953632
843965824
843965824
3036719
2609129
7451973
27981180
60945880
43953632
27981180
60945880
43953632
843965824
843965824
3036719
2609129
7451973
27981180
60945880
43953632
27981180
60945880
43953632
843965824
843965824
36244344
4523930
186574752
186574752
36244344
4523930
186574752
186574752
10544
1334883
14835720
5428207
67519376
49655032
5428207
67519376
49655032
250967648
250967648
10544
1334883
14835720
5428207
67519376
49655032
5428207
67519376
49655032
250967648
250967648
10544
1334883
14835720
5428207
67519376
49655032
5428207
67519376
49655032
250967648
250967648
1325361
459925
4523930
2609129
3119632
44528176
20711956
13567217
7801268
85655056
3119632
44528176
20711956
13567217
7801268
85655056
138183072
63246036
1383891584
257915424
138183072
63246036
1383891584
257915424
4406825984
4406825984
1325361
459925
4523930
2609129
3119632
44528176
20711956
13567217
7801268
85655056
3119632
44528176
20711956
13567217
7801268
85655056
138183072
63246036
1383891584
257915424
138183072
63246036
1383891584
257915424
4406825984
4406825984
3036719
2609129
7451973
4523930
27981180
60945880
69013296
43953632
40336400
81296800
27981180
60945880
69013296
43953632
40336400
81296800
843965824
1442774912
1469926272
796232960
843965824
1442774912
1469926272
796232960
32299956224
32299956224
3036719
98
7451973
4523930
878
60945880
69013296
43953632
40336400
81296800
878
60945880
69013296
43953632
40336400
81296800
843965824
1442774912
1469926272
796232960
843965824
1442774912
1469926272
796232960
32299956224
32299956224
3036719
2609129
7451973
4523930
27981180
60945880
69013296
43953632
40336400
81296800
27981180
60945880
69013296
43953632
40336400
81296800
843965824
1442774912
1469926272
796232960
843965824
1442774912
1469926272
796232960
32299956224
32299956224
1533909
459925
36244344
4523930
3119632
255477920
44528176
108234136
13567217
186574752
3119632
255477920
44528176
108234136
13567217
186574752
774846464
138183072
3317550848
561546496
774846464
138183072
3317550848
561546496
10720692224
10720692224
1533909
459925
36244344
4523930
3119632
255477920
44528176
108234136
13567217
186574752
3119632
255477920
44528176
108234136
13567217
186574752
774846464
138183072
3317550848
561546496
774846464
138183072
3317550848
561546496
10720692224
10720692224
36244344
4523930
459925
186574752
16305532
13027189
186574752
16305532
13027189
574399104
574399104
36244344
4523930
459925
186574752
16305532
13027189
186574752
16305532
13027189
574399104
574399104
10544
1334883
14835720
5428207
67519376
49655032
5428207
67519376
49655032
250967648
250967648
1325361
459925
4523930
2609129
3119632
44528176
20711956
13567217
7801268
85655056
3119632
44528176
20711956
13567217
7801268
85655056
138183072
63246036
1383891584
257915424
138183072
63246036
1383891584
257915424
4406825984
4406825984
1325361
459925
4523930
2609129
3119632
44528176
20711956
13567217
7801268
85655056
3119632
44528176
20711956
13567217
7801268
85655056
138183072
63246036
1383891584
257915424
138183072
63246036
1383891584
257915424
4406825984
4406825984
3036719
2609129
7451973
414
27981180
60945880
6617
43953632
3804
7480
27981180
60945880
6617
43953632
3804
7480
843965824
141353
141795
75456
843965824
141353
141795
75456
3175732
3175732
3036719
2609129
7451973
414
27981180
60945880
6617
43953632
3804
7480
27981180
60945880
6617
43953632
3804
7480
843965824
141353
141795
75456
843965824
141353
141795
75456
3175732
3175732
1533909
459925
36244344
4523930
3119632
255477920
44528176
108234136
13567217
186574752
3119632
255477920
44528176
108234136
13567217
186574752
774846464
138183072
3317550848
561546496
774846464
138183072
3317550848
561546496
10720692224
10720692224
