1348994
321
253
328
306557
12
2
2
284581
321
53
69
765366
12
5
7
2627892
272567
43798
280450
6524687
2002161
236746688
115682480
3141063
963864
236746688
55690940
10435922
3202360
236746688
185028544
204038
2002161
3470505
1593784
98226
963864
3470505
767267
326349
3202360
3470505
2549181
6524687
591138
19587080
8677390
3141063
284581
19587080
4177400
10435922
945497
19587080
13879067
378
92560
7712404
20086
6104
217881760
48845
295756
2
92560
48845
127
1018
92560
20742102
54021
2592262
217881760
20742102
125592856
4392155
860272
20444650
7513739
16461996
2627892
17897888
2749011
5914032
2627892
6373788
278545
603917
2627892
653319
3291271
16461996
1151105
7839879
1102915
16461996
385739
2627167
5599963
1151560
28150012
13445754
2695889
554375
28150012
6472948
25623824
1841865
80702600
61716008
4233
457559
20677
7287
12482
1348994
20677
21484
4141998
2382307
35147048
33098248
196876
59484
172337
705756
1981951
590340
90143
251648
77015
1438783
202292
122348
10
2627892
1
506955
30
1
554808
30
10
12
549242
165948
480785
705756
1981951
590340
251482
702044
214856
1438783
564352
799120
353653
122067
3957893
1404358
590340
1036932
369190
157566
2905767
740888
69622
24342
238868
609554
18117512
3470505
31876
1033309
190146
17278196
981536
349124
122067
1197808
609554
18117512
3470505
159846
5181548
953493
17278196
4921933
583569
204038
2002161
609554
18117512
3470505
267186
8661065
1593784
17278196
8227112
1729434
1490962
2592262
12967918
44415224
35147048
8069877
27768160
20956896
845729152
500454720
692701
597185
1038296
12967918
44415224
35147048
3232282
11122169
8394007
845729152
200450528
2136462
1841865
3202360
12967918
44415224
35147048
9969149
34303488
25889168
845729152
618238336
36558928
1750659
80702600
43798
2627892
272567
1874034
88053648
21883052
275358
24915476
122348
465691
36558928
56174
3569246
13681728
55955
3700813
13634902
2914016
3032417
476290
143906
11299047
705756
44349780
13685241
218079
14140894
4218513
36206152
11621190
1541074
465691
36558928
705593
44349780
13681728
705359
45753952
13634902
36171268
37758240
537542
463420
1325024
12967918
18383928
16461996
2508277
3355266
2921373
209640752
40882956
3048208
2627892
7513739
12967918
18383928
16461996
14223538
19026512
16566061
209640752
231832544
1729434
1490962
4263000
12967918
18383928
16461996
8069877
10794897
9398933
209640752
131532680
7156800
894427
217881760
44561496
4079317
509816
217881760
25399686
4233
457559
5050313
20677
522249
19587080
7287
188831
7131530
1605879
598931
4448
480785
5306660
20677
522249
19587080
7657
198416
7493517
1605879
629332
8682
938344
10356973
20677
522249
19587080
14944
387248
14625046
1605879
1228264
413438
144553
1418460
815840
609554
18117512
5384978
3470505
1359893
35147048
189292
6136058
1825830
1129139
427706
11334759
17278196
4588230
316733888
33092484
5828618
1667270
112821664
12129975
326270400
138334240
348724
121927
1196434
688140
609554
18117512
5384978
3470505
1359893
35147048
159663
5175606
1540040
952400
360759
9560577
17278196
4588230
316733888
33092484
4916289
1406300
95162160
10231322
326270368
116681360
643044
554375
1585084
963864
12967918
18383928
44415224
16461996
35147048
44084080
3000571
4013797
10324858
3494745
7792269
9715126
209640752
845729152
891306624
636058112
48906964
186080896
185662272
137387488
21379461120
5370938880
643044
299
1585084
963864
6438
18383928
44415224
8548
16969
44084080
1472
4013797
10324858
1801
3772
9715126
99807
395338
891306624
301452
23356
87141
185662272
65581
9946277
2450561
1729434
1490962
4263000
2592262
12967918
18383928
44415224
16461996
35147048
44084080
8069877
10794897
27768160
9398934
20956896
26128318
209640752
845729152
891306624
636058112
131532688
500454720
499328832
369496352
21379461120
14444856320
1541074
465691
36558928
4568985
705593
44349780
21076268
13681728
3467839
217881760
705359
45753952
23010732
13634902
3632601
227632560
36171268
20062012
1989738496
200920512
37758240
22009158
1912963584
214097584
1926498304
2292838400
325102
98241
7712404
963864
705593
44349780
21076268
13681728
3467839
217881760
148801
9652168
4854301
2876393
766326
48020944
36171268
20062012
1989738496
200920512
7965408
4643011
403555232
45165632
1926498304
483692992
4079317
509816
51954
217881760
13685241
3470505
25399686
1532691
392086
203061792
27599364
3350889
418780
42677
217881760
13685241
3470505
20864162
1259004
322073
203061776
22671052
229
24854
274332
20677
522249
19587080
395
10257
387383
1605879
32533
755566
264174
2592262
1490962
609554
18117512
5384978
3470505
1359893
35147048
345935
11213760
3336738
2063524
781641
20714484
17278196
4588230
316733888
33092484
10651908
3046968
206183680
22167756
326270400
252808400
583569
204038
2002161
1151560
609554
18117512
5384978
3470505
1359893
35147048
267186
8661065
2577164
1593784
603708
15999048
17278196
4588230
316733888
33092484
8227112
2353358
159248128
17121498
326270368
195259216
1086389
936587
2677916
671
12967918
18383928
20257
16461996
15832
19615
5069306
6781099
8100
5904188
5956
7334
209640752
397662
418621
296451
82625720
148225
147569
106621
10154822
4348063
393687
339402
970427
243
12967918
18383928
20257
16461996
15832
19615
1837023
2457345
2935
2139569
2158
2657
209640752
397662
418621
296451
29942046
53714
53476
38637
10154822
1575658
874345
264215
20742102
2592262
705593
44349780
21076268
13681728
3467839
217881760
400193
25958996
13055386
7735909
2060995
129149792
36171268
20062012
1989738496
200920512
21422544
12487133
1085340416
121470560
1926498304
1300866560
