1347729
787
380
1139
215463
37
10
46
178642
787
34
164
630521
37
12
120
2645044
150116
42742
164016
5034212
1294225
238332976
63630960
1771177
310625
238332976
13784284
9308272
2811981
238332976
163017568
145412
1294225
3505927
972363
44610
310625
3505927
347659
307721
2811981
3505927
2215293
5034212
454881
19859092
6187988
1771177
178642
19859092
2080525
9308272
806968
19859092
12713463
13
1630
6007725
5381
2118
219244768
7569
35739
2
1630
7569
214
22
1630
21401992
5963
2014063
219244768
21401992
117583568
4594484
715395
21609428
7470279
13473402
2645044
13557913
2754908
4555386
2645044
4642678
280879
802442
2645044
796221
3227015
13473402
835425
5235974
890264
13473402
224972
1541193
4888589
836266
27493782
8933165
1778087
297726
27493782
3110923
26928348
1535887
81339824
57296732
5000
519438
14497
10428
10444
1347729
14497
16122
4088045
2263366
35229512
31889998
114374
40713
99524
552530
1542392
590451
56751
133020
58333
837785
160965
122220
18
2645044
8
364512
167
52
368442
642
174
125
444572
159390
388546
552530
1542392
590451
202763
481914
211229
837785
376252
1097042
649070
212476
3291286
1129695
590451
2288466
730552
306887
2531616
2170917
109821
17765
190109
431625
5163390
3505927
21753
333895
166114
4299724
441133
710814
212476
2931250
431625
5163390
3505927
234941
3777119
2493769
4299724
3659157
461387
145412
1294225
431625
5163390
3505927
132877
1629151
972363
4299724
1549932
1802429
1188346
2014063
11014037
36703112
35229512
6539813
22952220
17020856
758164608
565119552
672526
430560
809373
11014037
36703112
35229512
2752163
9474041
7222456
758164608
260066368
2236248
1535887
2811981
11014037
36703112
35229512
8261555
29294984
23083164
758164608
674047808
36376160
1061780
81339824
42742
2645044
150116
1203135
81619264
8412956
153049
7896316
122220
465115
36376160
46140
2792091
13828686
50783
3134452
13786547
1914901
2181537
461917
85687
10467846
552530
26247084
13828686
106413
8469749
2971655
17121638
2828838
1547363
465115
36376160
552530
26247084
13828686
592085
26967716
13786547
17121638
17538024
502222
314410
1200718
11014037
14829854
13473402
2012846
3154419
2272004
134556320
33000304
3060288
2645044
7470279
11014037
14829854
13473402
11112952
14790407
13669467
134556320
151567424
1802429
1188346
4430775
11014037
14829854
13473402
6539813
9295759
7165456
134556320
102160944
8937942
2396057
219244768
150356816
4967619
1079056
219244768
85753296
5000
519438
5590670
14497
335121
19859092
10428
210080
7905974
840461
386805
2952
388546
4652879
14497
335121
19859092
5182
143514
7288478
840461
610829
8348
927187
10578110
14497
335121
19859092
12701
305810
15259109
840461
904635
301106
85527
733455
532745
431625
5163390
2592008
3505927
1368921
35229512
77658
1143813
529238
572593
253025
5011476
4299724
1658564
52217828
34217176
1164530
368605
12523813
7976012
50741944
15084604
238121
64450
496138
414824
431625
5163390
2592008
3505927
1368921
35229512
59054
940603
406946
468008
194846
3284123
4299724
1658564
52217828
34217176
829008
289746
10741654
5363200
50741944
4974925
441505
297726
1129353
310625
11014037
14829854
36703112
13473402
35229512
36444996
1354687
2395720
3279290
1922373
2366530
3845113
134556320
758164608
556344960
444771520
20066518
92907056
80539152
49717080
13450672128
2626486784
441505
41
1129353
310625
1843
14829854
36703112
688
3665
36444996
1747
2395720
3279290
1358
3964
3845113
23328
157090
556344960
39609
24243
91408
80539152
62563
3421307
2390328
1802429
1188346
4430775
2014063
11014037
14829854
36703112
13473402
35229512
36444996
6539813
9295759
22952220
7165456
17020856
19480812
134556320
758164608
556344960
444771520
102160944
565119552
459615200
311890624
13450672128
12015767552
1547363
465115
36376160
4614408
552530
26247084
8951522
13828686
3505927
219244768
592085
26967716
9049592
13786547
3573493
222304000
17121638
7712491
534406880
203057296
17538024
9027714
571925952
214741024
549665152
812097280
278947
44610
6007725
310625
552530
26247084
8951522
13828686
3505927
219244768
56287
5195675
663653
1702306
347659
22150738
17121638
7712491
534406880
203057296
1443672
1160394
70327576
27939944
549665152
-13869115
4967619
1079056
88323
219244768
13828686
3505927
85753296
2674161
972246
200530240
79335208
3822942
709486
59339
219244768
13828686
3505927
57103924
1977344
571227
200530240
52386568
303
21374
255472
14497
335121
19859092
664
19748
391718
840461
48446
650541
223840
2014063
1188346
431625
5163390
2592008
3505927
1368921
35229512
216767
2510693
1192026
1631438
668373
17211792
4299724
1658564
52217828
34217176
2575513
920846
31891466
21507466
50741944
34091584
461387
145412
1294225
836266
431625
5163390
2592008
3505927
1368921
35229512
132877
1629151
831965
972363
438270
10485649
4299724
1658564
52217828
34217176
1549932
576444
21717978
13765266
50741944
26188592
1190168
777561
2853257
206
11014037
14829854
4817
13473402
3236
2817
4859895
6811210
5136
5117240
3674
3530
134556320
121838
64887
37918
82515008
123215
137914
79160
1984518
2409747
387368
262513
896106
129
11014037
14829854
4817
13473402
3236
2817
1791494
2080958
1551
1724274
884
1304
134556320
121838
64887
37918
36450640
84058
88980
40386
1984518
1759435
825899
223840
21401992
2014063
552530
26247084
8951522
13828686
3505927
219244768
271075
15216937
3817261
7368144
1631438
123752552
17121638
7712491
534406880
203057296
9952991
3681827
310827296
116963288
549665152
402499200
