1347776
322
252
326
306280
12
2
2
284324
322
53
68
764675
12
5
7
2632193
280174
44465
277727
6566327
1988154
236403504
104190768
3161109
957121
236403504
50158696
10502524
3179958
236403504
166648112
203858
1988154
3520293
1614948
98140
957121
3520293
777455
326062
3179958
3520293
2583032
6566327
590604
19617780
8562250
3161109
284324
19617780
4121970
10502524
944644
19617780
13694906
396
97474
7692981
20722
6061
217208416
48722
293383
2
97474
48722
131
1066
97474
20689868
55732
2574128
217208416
20689868
124584896
4381094
858105
20393164
7488749
16678066
2632193
16735147
2742025
6002618
2632193
6023438
277744
612483
2632193
614596
3280324
16678066
1152989
7330559
1099247
16678066
386370
2456493
5598211
1153445
27557388
12015174
2695046
555282
27557388
5784250
25559294
1844880
80754096
56456568
4173
457146
20335
7106
12305
1347776
20335
20950
4113022
2386205
35147392
31704892
197228
59432
172182
707818
1973783
593446
91107
254557
77320
1457010
202433
122724
10
2632193
1
507670
29
1
502901
30
9
10
550224
165802
480350
707818
1973783
593446
254168
710161
215706
1457010
564745
802389
353333
121960
3950692
1417972
593446
1039893
372865
157471
2877332
866854
69730
24321
237197
611006
18098912
3520293
32195
938529
192671
17882656
1001787
349665
121960
1189428
611006
18098912
3520293
161446
4706274
966155
17882656
5023479
584472
203858
1988154
611006
18098912
3520293
269860
7866633
1614948
17882656
8396850
1736509
1493403
2574128
12986338
44361064
35147392
7190654
25056448
19485040
858130304
546761344
695535
598162
1031033
12986338
44361064
35147392
2880121
10036028
7804476
858130304
218998032
2145202
1844880
3179958
12986338
44361064
35147392
8882998
30953564
24070908
858130304
675443392
36466864
1792760
80754096
44465
2632193
280174
1823263
80549720
22716264
286509
24228656
122724
465198
36466864
56336
3567856
13638330
56743
3600371
14031222
2917167
3041635
477141
143780
11270591
707818
44296024
13652101
220409
13797330
4341360
35980184
11774919
1543828
465198
36466864
706002
44296024
13638330
712657
44642320
14031222
35837828
37659008
539741
464179
1320617
12986338
18373394
16678066
2234997
3204861
2917560
211615984
41663184
3060679
2632193
7488749
12986338
18373394
16678066
12673866
18173616
16544435
211615984
236256944
1736509
1493403
4248822
12986338
18373394
16678066
7190654
10310997
9386663
211615984
134042920
7138776
888170
217208416
42287652
4069043
506249
217208416
24103612
4173
457146
5082543
20335
513213
19617780
7106
172670
6815273
1572515
611398
4385
480350
5340526
20335
513213
19617780
7466
181435
7161208
1572515
642432
8559
937497
10423070
20335
513213
19617780
14573
354106
13976481
1572515
1253831
414078
144426
1408537
817175
611006
18098912
5392506
3520293
1368044
35147392
191186
5573232
1681099
1144134
441383
10857593
17882656
4608696
326162784
36442288
5948871
1584746
108191056
12403940
328677632
93423040
349264
121820
1188065
689266
611006
18098912
5392506
3520293
1368044
35147392
161261
4700877
1417964
965047
372295
9158100
17882656
4608696
326162784
36442288
5017719
1336692
91256360
10462403
328677632
78799920
645675
555282
1579812
957121
12986338
18373394
44361064
16678066
35147392
42868564
2673655
3833872
9316580
3490183
7244999
8945387
211615984
858130304
911262400
647534784
49840328
203298784
203140032
152290768
22167232512
7373435904
645675
221
1579812
957121
4783
18373394
44361064
6419
12621
42868564
986
3833872
9316580
1343
2609
8945387
75130
298628
911262400
228683
17558
70818
203140032
53350
7689757
2536713
1736509
1493403
4248822
2574128
12986338
18373394
44361064
16678066
35147392
42868564
7190654
10310997
25056448
9386663
19485040
24058144
211615984
858130304
911262400
647534784
134042912
546761344
546334336
409577952
22167232512
19830466560
1543828
465198
36466864
4537022
706002
44296024
21054312
13638330
3500566
217208416
712657
44642320
20804028
14031222
3666699
216017120
35837828
20592396
1999579648
213740256
37659008
21948180
2081228672
245841088
2005017856
2171008256
325683
98137
7692981
957121
706002
44296024
21054312
13638330
3500566
217208416
150340
9417660
4388779
2960000
773520
45570568
35837828
20592396
1999579648
213740256
7944474
4630147
439052160
51862176
2005017856
457991840
4069043
506249
51909
217208416
13652101
3520293
24103612
1587378
386829
207736416
27332650
3342450
415850
42639
217208416
13652101
3520293
19799524
1303926
317754
207736416
22451964
226
24832
276083
20335
513213
19617780
386
9379
370204
1572515
33211
756735
263942
2574128
1493403
611006
18098912
5392506
3520293
1368044
35147392
349397
10185185
3072241
2090926
806637
19842456
17882656
4608696
326162784
36442288
10871673
2896153
197721184
22668432
328677632
170732320
584472
203858
1988154
1153445
611006
18098912
5392506
3520293
1368044
35147392
269860
7866634
2372877
1614948
623014
15325528
17882656
4608696
326162784
36442288
8396850
2236874
152712000
17508200
328677632
131866896
1090834
938120
2669009
714
12986338
18373394
21715
16678066
17007
20557
4516999
6477124
7697
5896480
5919
7260
211615984
432146
458182
324303
84202592
173499
173484
130142
11338113
6392419
395298
339957
967200
258
12986338
18373394
21715
16678066
17007
20557
1636877
2347191
2789
2136776
2145
2631
211615984
432146
458182
324303
30513472
62873
62867
47161
11338113
2316495
875907
263935
20689868
2574128
706002
44296024
21054312
13638330
3500566
217208416
404334
25328300
11803390
7960765
2080341
122559632
35837828
20592396
1999579648
213740256
21366244
12452536
1180807424
139480592
2005017856
1231744768
