1329738
316
249
313
0
12
0
0
0
316
0
0
661545
12
4
6
2595845
233774
41731
223100
0
0
235955040
0
0
0
235955040
0
9695225
2927119
235955040
152325312
0
0
3501580
0
0
0
3501580
0
302239
2927119
3501580
2003018
0
0
19444616
0
0
0
19444616
0
9695225
880409
19444616
12404042
0
699
0
0
0
215273280
0
0
0
699
0
0
6
699
20949012
377
2118325
215273280
20949012
116382528
3799649
592556
19776910
7406717
16427135
2595845
16378421
2712370
6015684
2595845
5997845
274724
609303
2595845
607496
0
16427135
0
0
0
16427135
0
0
0
0
27931276
0
0
0
27931276
0
25764572
1694189
79897056
54471704
4321
510261
16394
6507
10516
1329738
16394
16063
4040598
2332700
34814012
31142748
0
0
0
713312
1994813
581784
0
0
0
1425869
0
121238
9
2595845
1
532567
29
1
539464
29
10
10
483427
146910
427068
713312
1994813
581784
209923
612130
183564
1425869
461773
774091
320861
109118
3958344
1416525
581784
1030933
361705
136331
2816726
759217
0
0
0
616187
19981086
3501580
0
0
0
19844400
0
337664
109118
1119396
616187
19981086
3501580
157144
5863291
877524
19844400
5686047
0
0
0
616187
19981086
3501580
0
0
0
19844400
0
1484277
1251730
2118325
13376768
46578048
34814012
6384401
22322328
15930619
923722240
464741504
0
0
0
13376768
46578048
34814012
0
0
0
923722240
0
1982803
1694189
2927119
13376768
46578048
34814012
8743762
29898000
21748012
923722240
594640512
36024232
1535561
79897056
41731
2595845
233774
1548752
79660128
17832588
229248
17429212
121238
458319
36024232
56738
3671188
13595719
56139
3734864
13565064
2979928
2891103
0
0
0
713312
46062712
13595719
0
0
0
37298960
0
1525995
458319
36024232
713312
46062712
13595719
707650
46936440
13565064
37298960
36427672
0
0
0
13376768
18909178
16427135
0
0
0
228350336
0
3021914
2595845
7406717
13376768
18909178
16427135
13576348
19187318
16664206
228350336
224376944
1484277
1251730
4307196
13376768
18909178
16427135
6384401
9904258
8890322
228350336
129989968
7120391
781936
215273280
42877316
4248707
343516
215273280
22481088
4321
510261
5649947
16394
369270
19444616
6507
150836
7461280
1081814
403937
3449
427068
4674846
16394
369270
19444616
4940
112273
6070639
1081814
365376
8023
967034
10684468
16394
369270
19444616
11848
270808
13970010
1081814
738047
0
0
0
0
616187
19981086
5759887
3501580
1353049
34814012
0
0
0
0
0
0
19844400
4982550
389001728
33613404
0
0
0
0
395989280
0
0
0
0
0
616187
19981086
5759887
3501580
1353049
34814012
0
0
0
0
0
0
19844400
4982550
389001728
33613404
0
0
0
0
395989280
0
0
0
0
0
13376768
18909178
46578048
16427135
34814012
44260992
0
0
0
0
0
0
228350336
923722240
980506688
635634368
0
0
0
0
24671344640
0
0
0
0
0
335
18909178
46578048
524
762
44260992
0
0
0
0
0
0
4414
15652
980506688
12231
0
0
0
0
394242
0
1484277
1251730
4307196
2118325
13376768
18909178
46578048
16427135
34814012
44260992
6384401
9904258
22322328
8890322
15930619
23209244
228350336
923722240
980506688
635634432
129989968
464741504
596452992
419840640
24671344640
14825863168
1525995
458319
36024232
4528574
713312
46062712
23151428
13595719
3501580
215273280
707650
46936440
23380764
13565064
3356220
217505408
37298960
23005216
2321196032
205288000
36427672
22716276
2296981504
188016224
2312780288
2696916992
0
0
0
0
713312
46062712
23151428
13595719
3501580
215273280
0
0
0
0
0
0
37298960
23005216
2321196032
205288000
0
0
0
0
2312780288
0
4248707
343516
37249
215273280
13595719
3501580
22481088
1289910
241933
203322944
19468792
0
0
0
215273280
13595719
3501580
0
0
0
203322944
0
251
27512
307844
16394
369270
19444616
355
8225
400153
1081814
21927
647766
225372
2118325
1251730
616187
19981086
5759887
3501580
1353049
34814012
275020
9523837
2759163
1398174
632388
16469245
19844400
4982550
389001728
33613404
10081942
2452912
190155648
14505805
395989280
225426384
0
0
0
0
616187
19981086
5759887
3501580
1353049
34814012
0
0
0
0
0
0
19844400
4982550
389001760
33613404
0
0
0
0
395989280
0
957005
822611
2580827
128
13376768
18909178
4541
16427135
3370
4252
4159102
6195935
1380
5495154
1001
1393
228350336
91531
97234
62821
74887440
28424
35179
24251
2465605
857117
370701
333316
741113
54
13376768
18909178
4541
16427135
3370
4252
1707737
2216013
563
1835694
413
489
228350336
91531
97234
62821
23235376
10488
9699
6249
2465605
243784
749696
225372
20949012
2118325
713312
46062712
23151428
13595719
3501580
215273280
318374
24231336
11038958
6754119
1398174
112883376
37298960
23005216
2321196032
205288000
16566060
11674343
1385061376
104598592
2312780288
1355732480
