1334883
852
249
852
303350
34
2
7
281604
852
52
179
757360
34
5
19
2609129
370946
43435
370946
6501116
1982417
366123360
160437824
3129715
954359
366123360
77236704
10398222
3170781
366123360
256612544
201542
1982417
4666552
2044916
97024
954359
4666552
984447
322357
3170781
4666552
3270744
6501116
584955
49665276
21763672
3129715
281604
49665276
10477294
10398222
935607
49665276
34809944
356
187208
7646039
39493
6044
490731072
48424
655650
2
187208
48424
250
959
187208
20563618
106214
2566700
490731072
20563618
278421568
4354361
852869
20268724
7451973
45655568
2609129
45655568
2728943
18452480
2609129
18452480
276403
1622766
2609129
1622766
3264215
45655568
1142886
19998680
1093848
45655568
382984
6701620
5552384
1143338
77430256
33930480
2672984
550417
77430256
16334542
25403332
1828715
259029376
181551360
4044
452773
41577
14102
11925
1334883
41577
41577
4101153
2365297
54544984
49447572
195961
58756
170535
1557293
4554148
1357891
198948
581805
173474
4654824
594666
121863
10
2609129
9
1341200
130
9
1341200
130
204
204
546689
163918
475755
1557293
4554148
1357891
555023
1623110
483956
4654824
1658991
796108
349953
120574
10064596
3102353
1357891
2638541
813315
355985
10470323
2744907
69290
24045
236512
747266
7910962
4666552
39067
413587
243968
8270163
432366
347457
120574
1185996
747266
7910962
4666552
195903
2073943
1223386
8270163
2168111
580782
201542
1982417
747266
7910962
4666552
327457
3466639
2044916
8270163
3624043
1722915
1480317
2566700
23430198
54727924
54544984
13293374
31050478
30946684
1139956608
646766656
690090
592921
1028057
23430198
54727924
54544984
5324485
12436858
12395284
1139956608
259053824
2128409
1828715
3170781
23430198
54727924
54544984
16422013
38358308
38230084
1139956608
798985344
36244344
4094895
259029376
43435
2609129
370946
4094895
259029376
40655544
370946
40655544
121863
459925
36244344
124846
12558718
36898192
124846
12558718
36898192
12944100
12944100
474075
142146
11201818
1557293
124355280
36898192
481303
38433732
11403900
127235232
39323816
1533909
459925
36244344
1557293
124355280
36898192
1557293
124355280
36898192
127235232
127235232
535516
460111
1314132
23430198
53405920
45655568
4131843
9417969
8051219
508362112
89648088
3036719
2609129
7451973
23430198
53405920
45655568
23430198
53405920
45655568
508362112
508362112
1722915
1480317
4227957
23430198
53405920
45655568
13293374
30300424
25903180
508362112
288424704
7095216
885607
490731072
96065840
4044214
504788
490731072
54756736
4044
452773
5032068
41577
869158
49665276
14102
294806
16845764
3463142
1174649
4250
475755
5287489
41577
869158
49665276
14818
309770
17700832
3463142
1234272
8294
928529
10319558
41577
869158
49665276
28921
604576
34546600
3463142
2408922
411463
142785
1404472
810014
747266
7910962
4382212
4666552
2666619
54544984
231991
2455991
1360476
1448750
827862
16933716
8270163
4513412
112037120
58046848
2567506
1401207
34782388
18020886
122586128
38057376
347059
120435
1184636
683226
747266
7910962
4382212
4666552
2666619
54544984
195679
2071565
1147526
1221983
698281
14283153
8270163
4513412
112037120
58046848
2165625
1181882
29338046
15200152
122586128
32100414
640620
550417
1572054
954359
23430198
53405920
54727924
45655568
54544984
85073120
4942791
11266413
11545301
9631414
11506708
17946866
508362112
1139956608
1313949184
1182358528
107243120
240483120
277188288
249428160
31203495936
6582631424
640620
341
1572054
954359
14644
53405920
54727924
28348
34523
85073120
3089
11266413
11545301
5980
7283
17946866
318517
727361
1313949312
750178
67193
153442
277188288
158256
19943592
4207263
1722915
1480317
4227957
2566700
23430198
53405920
54727924
45655568
54544984
85073120
13293374
30300424
31050478
25903180
30946684
48267148
508362112
1139956608
1313949184
1182358528
288424704
646766656
745483264
670823872
31203495936
17703639040
1533909
459925
36244344
4523930
1557293
124355280
16758740
36898192
4666552
490731072
1557293
124355280
16758740
36898192
4666552
490731072
127235232
17502348
1947820544
512300000
127235232
17502348
1947820544
512300000
2078210176
2078210176
323590
97024
7646039
954359
1557293
124355280
16758740
36898192
4666552
490731072
328523
26233760
3535392
7783974
984447
103523712
127235232
17502348
1947820544
512300000
26841308
3692263
410908576
108073856
2078210176
438415360
4044214
504788
51319
490731072
36898192
4666552
54756736
4117172
520703
512300000
57163440
3322055
414650
42155
490731072
36898192
4666552
44979036
3381984
427723
512300000
46955984
219
24594
273341
41577
869158
49665276
766
16013
915060
3463142
63806
751957
260943
2566700
1480317
747266
7910962
4382212
4666552
2666619
54544984
423969
4488370
2486295
2647619
1512935
30946684
8270163
4513412
112037120
58046848
4692166
2560732
63565464
32933506
122586128
69550560
580782
201542
1982417
1143338
747266
7910962
4382212
4666552
2666619
54544984
327457
3466639
1920316
2044916
1168531
23901992
8270163
4513412
112037120
58046848
3624043
1977808
49095448
25436536
122586128
53718104
1082294
929900
2655902
720
23430198
53405920
26264
45655568
25549
38709
8350584
19034008
9360
16271765
9106
13796
508362112
569958
648915
568740
181181568
203134
231275
202700
16004118
5703909
392203
336978
962450
261
23430198
53405920
26264
45655568
25549
38709
3026098
6897575
3392
5896588
3299
4999
508362112
569958
648915
568740
65656872
73612
83809
73454
16004118
2066992
870279
260943
20563618
2566700
1557293
124355280
16758740
36898192
4666552
490731072
883547
70554312
9508251
20934584
2647619
278421568
127235232
17502348
1947820544
512300000
72188272
9930146
1105116928
290658944
2078210176
1179094912
