852877
256
134
256
122872
12
0
12
94213
256
12
256
246951
12
1
12
5689911
103997
43084
103997
1420723
342811
23119691
23119691
675030
164025
23119691
23119691
1833186
529343
23119691
23119691
45753
342811
2011958
2011958
21834
164025
2011958
2011958
71425
529343
2011958
2011958
1420723
193170
3196577
3196577
675030
94213
3196577
3196577
1833186
297027
3196577
3196577
0
217
1694620
217
1073
147043128
9931
126016069
0
217
9931
185
2
217
4547256
217
458740
147043128
4547256
147043128
952865
218621
4897815
26259922
29624020
5689911
29624020
9563603
11077536
5689911
11077536
933603
1022308
5689911
1022308
4901484
29624020
215162
29624020
2263288
29624020
97661
29624020
8247600
215168
50404957
50404957
3956938
104555
50404957
50404957
5339552
341310
92368742
92368742
1296
154536
17592
17592
10800
852877
17592
17592
691003
433815
22365919
22365919
251850
18517
76895
341983
1011714
452160
341983
1011714
452160
109692627
5146240
231059
7
5689911
0
118686
14
0
118686
14
332
16
587225
43273
178680
341983
1011714
452160
341983
1011714
452160
109692627
4748602
600100
108557
28166
1750524
535979
452160
1750524
535979
452160
193316471
15668602
229527
21448
169087
294586
3589566
2011958
294586
3589566
2011958
322065853
25025300
300070
28166
208984
294586
3589566
2011958
294586
3589566
2011958
322065853
30758052
532044
45753
342811
294586
3589566
2011958
294586
3589566
2011958
322065853
16769735
1480082
278161
458740
2952537
6837246
22365919
2952537
6837246
22365919
3413684503
318992042
734163
138052
220286
2952537
6837246
22365919
2952537
6837246
22365919
3413684503
305831204
1558550
341310
529343
2952537
6837246
22365919
2952537
6837246
22365919
3413684503
403385283
79893028
683913
92368742
43084
5689911
103997
683913
92368742
425291302
103997
53687301
231059
231043
79893028
22377
3121776
3262960
22377
3121776
3262960
196668701
11174987
451134
32231
2504540
341983
47806699
3268683
341983
47806699
3268683
2985877557
86255668
3404942
231043
79893028
337906
47806699
3262960
337906
47806699
3262960
2947812720
166892310
588543
109948
2545024
2952537
116166714
29624020
2952537
116166714
29624020
5306296437
1091125573
5581408
5689911
26259922
2952537
116166714
29624020
2952537
116166714
29624020
5306296437
2412491758
1480082
278161
6321782
2952537
116166714
29624020
2952537
116166714
29624020
5306296437
1145735249
1937364
209295
147043128
147043128
1930889
212380
147043128
147043128
1296
154536
934835
17592
24625
3196577
17592
24625
3196577
63856501
230377
1626
178680
1352735
17592
24625
3196577
17592
24625
3196577
63856501
105112
2827
323458
2188821
17592
24625
3196577
17592
24625
3196577
63856501
144896
376039
32248
243718
152788
294586
3589566
1481248
2011958
464309
22365919
294586
3589566
1481248
2011958
464309
22365919
322065853
188038161
2172779104
1283900161
17032021
5618116
266998884
26222353
1469206120
1469206353
318706
27162
204796
129231
294586
3589566
1481248
2011958
464309
22365919
294586
3589566
1481248
2011958
464309
22365919
322065853
188038161
2172779104
1283900161
16723252
5775644
265494176
25539842
1469206120
1469206353
561171
104555
2353838
164025
2952537
116166714
6837246
29624020
22365919
54923406
2952537
116166714
6837246
29624020
22365919
54923406
5306296437
3413684503
129910760407
32319526420
1089428991
412934784
2337505776
2445732799
347335839621
347335839621
561171
5
2353838
164025
114
116166714
6837246
1477
287
54923406
114
116166714
6837246
1477
287
54923406
213738
130155
129910760407
1637291
59741
-2143
2337505776
38012
3818057
3818057
1480082
278161
6321782
458740
2952537
116166714
6837246
29624020
22365919
54923406
2952537
116166714
6837246
29624020
22365919
54923406
5306296437
3413684503
129910760407
32319526420
1145735249
318992042
1577459664
2166584764
347335839621
347335839621
3404942
231043
79893028
9319650
337906
47806699
4232618
3262960
1990142
147043128
337906
47806699
4232618
3262960
1990142
147043128
2947812720
364135592
54905796771
3617084144
166892310
31298265
3346547517
811078843
14096975175
14096975385
310696
21565
1694620
164025
337906
47806699
4232618
3262960
1990142
147043128
337906
47806699
4232618
3262960
1990142
147043128
2947812720
364135592
54905796771
3617084144
81977608
21232746
1420184550
170966426
14096975175
14096975385
1930889
212380
26734
147043128
3268683
2011958
147043128
3268683
2011958
16496818360
267180185
1943864
212000
26699
147043128
3268683
2011958
147043128
3268683
2011958
16496818360
268746031
76
7991
65435
17592
24625
3196577
17592
24625
3196577
63856501
12542
681853
59569
458740
278161
294586
3589566
1481248
2011958
464309
22365919
294586
3589566
1481248
2011958
464309
22365919
322065853
188038161
2172779104
1283900161
17817345
4653740
230093427
28790173
1469206120
1469206353
532044
45753
342811
215168
294586
3589566
1481248
2011958
464309
22365919
294586
3589566
1481248
2011958
464309
22365919
322065853
188038161
2172779104
1283900161
16769735
5139158
242058998
28245915
1469206120
1469206353
1063632
205387
4590927
59
2952537
116166714
1101
29624020
943
8014
2952537
116166714
1101
29624020
943
8014
5306296437
316532
11955753
2947811
1114161906
7334
87241
136396
26629458
26629458
429383
88637
1854456
24
2952537
116166714
1101
29624020
943
8014
2952537
116166714
1101
29624020
943
8014
5306296437
316532
11955753
2947811
1246288727
5135
132383
116464
26629458
26629458
816067
58484
4547256
458740
337906
47806699
4232618
3262960
1990142
147043128
337906
47806699
4232618
3262960
1990142
147043128
2947812720
364135592
54905796771
3617084144
81646491
23227090
954050747
191679952
14096975175
14096975385
