79851
13588067
1758648
2261894
8142404
473376
71600912
11121
9168516
44478832
9447
4800691
174481
708697
303380
708488
796923
171382
11836
796923
1482224
127949
38054
1429037
356639872
166801
275607
346928992
12146676
169390
34532
12015645
571086
131661
856
446516
13563979
132712
79812
13563979
13555950
128318
77157
13107166
652
2811324
91450
11172
303469
67775
67775
11154
90814
57698
292040
88537
781124
307245
34600
79774
2792043
34835
90105
2786158
1069793
34262
78371
1049975
34009
847
78371
33379
174347
39246
692476
11172
262402
45336
39246
692476
192684
45336
192684
172209
33081
11371
90076
33081
471773
109080
506428
45614428
305588
127367
102412
86877
828
460894752
43777408
293281
98288
442333312
323209
4200731
90213
79851
21895830
612792
4200731
21895828
106019
222254
12570
77069
3077445
415651
216065
2991742
1252253
1069793
34909
1892948
37186
79851
382806624
1252253
1069793
1892948
382806624
390526
982455
33957
450549
41149
73912
20449916
381800
960504
440483
19992996
322481280
12127240
169159
15128368
253634
34384
80964304896
318570752
11980180
14944914
79982493696
356639872
610820
127544
730905
210743
856
3860299776
265279952
454347
543670
2871411968
2552170
5217280
25222
1069793
34877
79779
823051712
2549892
5212623
1068838
822317056
408704
13588067
125451
45485
1091
75482
122210448
386346
12844724
42997
115524848
407764
13588067
128634
45380
1116
77397
121929504
395236
13170570
43986
118183168
39282
652903
881645
62459
70848
1228598
234737
316676
4085621
469419
2873306
1748062
13447942
131913
508107
42141
79401
266581424
1748062
13447942
508107
266581424
84566576
13588067
126814
7070388
64438
76302
26765041664
80808520
12984226
6756188
25575632896
10033
85519
4106973
78011
100015
798016
4012357
417164
1030
1601
28760
74490
5039
53316
26829
61086
215617
1333241
154221
41657
957629
624904
498986
3263573
1076154
41851
510504
90323
4242063
79300
1068736
90813568
506985
4212818
90187504
1577901
271876
19136130
12212
216450
77753
1536463
181476352
18633586
210765
176710496
2754814
2107
4106672
800
1066879
1826
63191
772011648
94201
24472
17708888
26747
35098
702421
875692
3640
63486
83245
58900
67110
1320276
12708
170721
242744
224821
304244
4687812
22393
41010
522584
478103
86332
175133
1762191
2080850
284089
1386966
637767
2283545
457763
171470
167945
6074
10152
17575
42141
863
27870004
2359764
637767
9797686
2283545
457763
257725
167945
6074
17575
129244760
27870004
2359764
9797686
257725
129244760
592965
21813284
12165975
134067
45660
55583
394
1069793
62433
27294
179081008
204422336
463623
3982776320
17055198
9512238
13505244
35700
43459
836441
68204048384
140018480
159832160
3114022144
10559375
53326856192
16503676
96524
5151021
24999
102210
4152478
89476
33504
854
77718
133411896
5551484928
16343242
32222378
95586
5100947
26578170
101216
4112111
33179
60186230784
132114992
5497518592
31909142
26319802
59601158144
41018
2552170
5217280
22645
67268
73954
3965
1069793
31314
71629
6060109
6385640
36795
818077504
2289390
4680091
4724696
60342
66340
959643
2071938560
5436139
5728152
733845440
4238225
1858604544
1894069
70312736
20771838
169185
1011039
465818
41551
3934533
90733
76689
800067648
222102400
1870302
20962971648
69430448
20511192
54667832
998352
459973
3885162
145233870848
790028352
219315456
20699928576
53981852
143411478528
334761
356639872
21419152
165032
615079
82713
4954
19054882
272684
76146
919409280
59832400
322192
119677239296
343249856
20614968
65609608
591986
79607
18339468
237453049856
884890112
57585992
115183951872
63146296
228537860096
33443
90915
11245
42188
489374
79851
33572
256982
1035589
70054
654844
489374
630243
3836537
1035589
495118
5692136
29082
4329
260
1888
21824
76801
691
34844
198500
6585
36568
20991
46634
88531
190920
36400
146186
652
89267
63923564
4172519
278073
76794
19121792
6471
2201336
103137
62739408
4095226
16010655744
18767572
2160557
101226
515221856
15714064384
505677632
652
90952
2811383
4242083
34909
79851
1069793
6593
127198
105056
2811383
4242083
820914816
1069793
127198
105055
19909182
820914816
19909182
652
90760
136474
4242083
1141
79682
45093
6580
1862
105056
136187
4233141
36702456
44998
1858
104834
895008
36625096
893121
11306
24354130
2797428
4218492
82986
7098850
7206326
63064
1069190
32021
73207
4068886
1444669
874915
100470
10123130880
7379654144
22339364
816178112
2566003
3869505
2411882240
6511577
6610161
980738
1488332416
740199360
3732274
138356016
1325155
409911
2964248330240
9285665792
6769150976
748657408
2212352768
116470890496
1365205888
537519104
117483600
2719022841856
106835492864
8147
445162
206503
228269
12347
2754814
4118709
86730
1069793
32949
75369
784902
385636
390036
29581
30304552
38198264
420180
15176445
194914
215458
775699328
2600217
3887571
1009757
130066920
234963248
740854
46094928
363994
470958
8583946240
28603890
36054620
14324758
732167936
54974124032
122767672
188054848
71697936
8102223872
51889037312
174535
33443
877795
11371
328547
4242083
89400
335057
78488
33443
877795
9916028
474450
1365281
335057
879799
108260
22166596
607467
4169707
1365281
5964665
507962
107247312
5645159
9746848
105451304
13967656
442294
21788400
460755424
75726360
6868664
54927912
111553696
452894272
29552
29328
689555
6963
58998
208063
11530
152174
75466
20935
176553
980390
76775
618754
123895
339824
28154
1859056
317564
196640
493908
1354326
179447
11227317
1283490
926562
9102933
1267106
407801
1756986
38743176
7270615
990359
11818468
5566766
36616028
1719
2768
61021
7159
89635
194293
11613
335057
79851
1875
20654
40166
7611
160764
248062
368114
37822
2624023
372621
194293
113186
74955
13903
1823295
154415
40166
16551826
2746216
453011
2624023
14180941
1232612
155406
1953067
13533759
14180938
66151
18787
4892
9330
1032
474138
37616
620
72336
17545
3040
1080321
207999
1714
541
594675
54971
41658
7389
429517
1517
2373173
225232
36116
24465
978651
40445
17550
381262
37738
91798
58557
2490169
535226
74754
83159
4689
38679
681638
12152882
171470
661
10891
64193
34831
2172
28474
417758
17785
240880
3878621
183441
62552448
1203771
12152882
3838
14385
274623
18857
3141672
110180
417758
24601028
716481
3878621
62552448
1208216
93598
304523
3141672
24601028
1208215
17319
28680
166341
8142404
128733
3525
11391
14200
33862
8268
27702
1492853
71919
45993
2706155
199786
14709220
372728
7898283
4860
15530
1136851
64113
2889725
80421
1448095
4671902
355134
2625019
14268216
1124023
63360
1309640
2803088
4531831
1090323
171273
39282
178121
457763
168063
10921
87539
13743
845
38368
174806
551079
328992
44556
135015
183263
579804
375985
448670
13452
43563
161579
178723
571123
370347
540133
171004
102377
132333
568287
169649
99407
130141
559779
167607
166280
4322
26186
65979
8142404
128884
701
2423
9740
33902
1662
3987
386910
14905
25176
2429687
193873
6021698
152548
7907572
645
1662
216760
10664
360167
5806
375751
3552215
101162
2359613
5848028
150116
10260
229276
349779
3449767
145786
174535
33443
708697
877742
21813284
11371
303469
328530
71993
334994
1333138
33443
708697
877742
23054506
229178
1365011
6166979
4738002
93853136
111698176
71993
334994
1333138
2936229
229178
1365011
6166979
4738002
93853136
130768144
10625420
30225174
418584704
533771072
2936229
10625420
30225180
418584672
533771072
2742610688
2742610944
65772
19390
532126
600045
13588067
9456
212953
145889
65856
305402
1333138
17894
374422
269306
8042249
126355
566471
3083278
2861434
58451780
65056248
60456
263077
901547
2687602
119536
487018
3115085
1830060
41821036
27204840
4252204
11654328
251487728
334273344
2086524
3884020
11786660
114681040
185603936
2323275776
2742160640
28487
33443
708697
688362
21415020
7527
67947
56426
71993
173321
989110
22885
184290
169051
3904709
229178
706080
6009645
3371770
92317304
89124112
48883
135234
358444
1460433
163573
537556
3332309
1246286
24282582
27289128
5431619
29683048
204028224
394181856
1018326
4589794
30421828
116036856
134917280
1230822784
1175497984
174535
33443
183854
99714
21813284
11371
91979
34533
14123
139948
42619
33443
183854
99714
23054506
38898
569875
6166979
147813
24013502
10741082
14123
139948
42619
184657
38898
569875
6166979
147813
24013500
20326342
601288
4928089
184409312
15580196
184657
601288
4928089
184409328
15580197
68241472
68241472
135099
21268
2017
600078
13353197
11338
1043
328061
458
335057
6108
21208
2015
599185
13993938
996
616996
3772599
15464
187083
63895192
457
333755
6093
30989
994
614175
3763946
15430
186905
69297648
42612
67499
277387712
4065865
30896
42438
67273
276677888
4055589
51433380
51288796
88722
33443
669612
5714
21813284
10987
201330
872
68019
1438
7758
32805
483663
2557
13443916
216502
5861
6166979
26441
88681456
751702
66744
1388
5142
11449
213876
5377
5172068
15818
67295936
348404
42590
28558270
1726267
3136756
10061
42712
31854284
791630
1689528
9840227
12749784
86943
708697
877795
209062
139411
456559
40662
1333241
79851
498469
399425
987967
266028
4738542
858733
3611022
622077
3948867
446578
456559
2699452
13978048
2673490
34970940
2642987
987967
27713238
3317369
3611021
3948868
230181712
42576144
13978048
32905116
27713246
230181664
64163
532126
600078
207675
140510
455843
39147
1333241
77447
364689
259519
1049433
222430
2861669
866606
3597440
597755
3990563
435416
442119
1756642
15514904
1871923
22319366
2460966
1017840
27731584
3126288
3489137
3870425
196452224
22762328
15047823
24902670
26896712
190537904
87948
183854
691576
50487
101169
466350
38359
263721
74706
107904
295703
999497
244117
720331
127261
903233
119481
2811606
332179
436304
336143
2912726
628390
26064228
2838450
935103
4005627
504259
845041
2630463
36546348
2862044
2725069
18668774
3747560
34191792
31417
708697
99714
74820
33226
219491
12760
215675
78287
203853
94785
1018020
85345
900840
210830
2092143
256167
1142263
60568
217139
686703
8488006
929809
5751821
466465
1007114
11402192
649118
2069730
1130026
92400944
8195728
8397075
7990441
11280040
91411048
31663
708697
4803
75376
523
226556
12983
8475
79851
205601
2150
1041910
86891
41662
4643
2170775
261381
25754
3633
226556
20615
8829178
932408
168510
14459
1041910
412213
31027
2170775
25754
1342231
141458
8829178
493146
412213
1342231
20359
532126
600078
68435
92755
200026
11481
1333241
77348
131998
171221
755654
51059
2861669
589542
1832848
226920
2714338
370882
193756
1238480
5472331
787820
8191148
1071058
731968
32629048
1493733
1775397
2629256
312672128
14162284
5300800
12351336
31606284
302871360
1827128
170227
40807
1814758
681137
132712
12579
681137
355723840
169091
279837
351348416
356639872
169939
280792
353456000
12160087
170644
34737
12105506
12161606
157463
32019
11168168
601996
131010
135202
328547
2125327
601996
238302
2125327
21746746
169734
79207
21571476
13563979
132712
79812
13563979
63805308
277968
89041
62599624
1379556
244259
11272
1291976
63243884
282062
89549
62966288
296784
84199
742313
2243208
34909
46709
2243208
2811383
34039
88687
2741386
708697
881645
174535
1333241
303469
328547
4428269
708697
881645
1333241
4428269
532019
480984
135202
993494
303439
262402
2216197
532019
480984
993494
2216197
859508
12164355
170651
194357
12414
34746
93040168
855501
12107643
193451
92606400
1899633
12165975
167787
392983
41234
34159
141331536
1858838
11904704
384544
138296368
1621604
8142404
129407
394011
41137
34039
100572048
1581229
7939677
384201
98068048
88120
881645
147821
40336
408003
252344
474866
899003
128632
601996
311933
86429
571652
373886
583440
530543
153947
485527
42020
79851
4424809
497974
485527
4424809
392771
1069793
34525
487834
41593
78973
22725434
388456
1058040
482475
22475778
356295616
12165975
167800
16705016
276991
34161
89482264576
348670496
11905610
16347511
87567237120
220420704
8142404
132389
16721124
282633
34824
60125306880
219885008
8122616
16680487
59979190272
69832128
12065700
158998
2754814
85807
32599
17196175360
65211872
11267404
2572549
16058436608
2406728
5088214
25017
1010651
33859
77959
761152384
2406728
5088214
1010651
761152384
2552170
5217280
25222
1069793
34877
79779
823051712
2549892
5212623
1068838
822317056
25690
532126
600411
135202
60244
59278
9906
1329813
303469
327683
164128
167453
25690
2911553
532126
600411
431035
60244
59278
1329813
1735646
164128
167453
2911553
431035
1735646
27138
532126
601996
135202
63962
66076
10534
1333241
303469
328547
170840
178817
27138
2919117
532126
601996
475959
63962
66076
1333241
1845203
170840
178817
2919117
475959
1845203
36037
648668
881645
174535
55586
67611
10137
1219748
277972
328547
214745
312538
36037
4042628
648668
881645
444789
55586
67611
1219748
2731752
214745
312538
4042628
444789
2731752
34489
708697
881591
174535
57895
62982
9653
1333138
303469
328530
226226
299724
34489
4427868
708697
881591
457062
57895
62982
1333138
2901860
226226
299724
4427868
457062
2901860
356639872
21813284
167315
19417968
276457
77916
121888260096
347999136
21284790
18947504
118935158784
68045384
21687000
160826
3957006
83295
74463
21062873088
63821764
20340874
3711392
19755487232
353710368
20910196
169005
18731128
281277
77722
116813651968
351157824
20759296
18595956
115970670592
28757360
1744606
8389
19323734
280150
79342
10283863040
28574084
1733487
19200578
10218321920
218341
993727
108126
41060
674365
616011
370961
2461208
205579
1270176
146940
39170
871934
569136
447243
2852425
788008
69330
7304752
39543
440147
78921
780152
83242336
7231931
435759
82412480
63247240
282268
19417968
89610
4197618
79553
63011988
16116051968
19345736
4182003
16056102912
391324
84564
3856199
12059
210296
77648
381765
32671346
3762006
205159
31873300
55232624
283319
19417764
47424
3591038
79851
55232624
14950823936
19417764
3591038
14950823936
1692894
283322
19417968
13082
228269
79851
1692894
196650320
19417968
228269
196650320
16719656
280385
19348130
34532
1065658
78950
16546343
4653207552
19147572
1054611
4604973568
420324
38236
507928
31673
1064884
72013
381372
27837140
460858
966199
25257416
16721124
283322
19417968
34909
1069793
79851
16721124
4664110080
19417968
1069793
4664110080
22546
24370
532126
480984
3980
75897
65581
55683
38027
993727
9716
146931
124263
155964
118862
2187296
25092
28187
417825
263658
67704
79147
895575
838581
199574
702967
26747
35098
702421
879533
3640
63486
83245
58900
67110
1320276
12708
170721
242833
224821
325471
4398265
22393
41010
522584
478103
86332
180396
1745032
2474116
284089
1718682
89366
39282
708697
693726
10929
214715
104144
67775
45336
993727
35915
514404
283818
254775
209783
3279080
63948
44411
648156
312307
230013
195980
1991039
1576844
301552
1369555
173844
30381
708673
167404
10379
302265
65851
30258
705837
273069
207127
160218
2037852
65586
206289
159653
2029935
1910710
1903330
70545
28897604
43265
8014
3516718
22162
39188
734274
268925
1098
174874112
446291
66961
262854240
27429256
41067
9133439
3338026
21036
696964
2725135104
165988384
423614
249498048
8669350
2586664960
1863676
68852848
581264
160367
977096
20877
39103
150979
84047
1025
645503808
6768945
1743005
795345792
64394696
543628
2245720
913830
19525
141204
7646971392
603708096
6330663
743847936
2100312
7151837696
356639872
20977666
612227
160482
18639280
732589
265166
43851
73135
1080
120081940480
3869194240
333786624
181360416
19633428
572996
170658016
17444888
685646
41041
1792507379712
112387162112
3621259264
169738976
159722352
1677644791808
650816
217255904
13588067
66472
1503598
206921
6088
19139408
139876
39995
1122837504
65310108
325981
72122662912
108819216
6805995
170766576
753122
103642
9586554
395197087744
562407296
32712548
36124819456
85533624
197946441728
34512
220420704
13588067
132712
72472
9838
886
19417968
283322
79851
26514384
1691100
34512
73173090304
220420704
13588067
3282944
72472
9838
19417968
4547141632
26514384
1691100
73173090304
3282944
4547141632
886981
350173312
21419866
165135
1665875
224697
12641
19417968
277750
78280
1845912576
102638120
869538
119675502592
343287104
20998642
193276128
1633115
220278
19036110
701083615232
1809612288
100619712
117322039296
189475296
687296610304
26413
29713
6367
12232
209981
79851
19234
81699
983197
27569
311317
209981
166794
1257219
983197
392413
931039
651
90471
2797428
4209952
34909
79682
1067198
6558
126916
104634
2797428
4209952
813458496
1067198
126916
104634
19806516
813458496
19806512
170504
30082
881645
9417
315126
4032652
88993
306662
78505
27688
841647
9372528
479030
1302293
274891
726965
93878
20909590
604168
4032652
1171368
5332707
463428
71308680
-469842
9372529
94551464
12976951
403033
20909592
391200160
115952608
6066534
71308672
96598440
391200064
21734
18625
532126
595595
13324140
132712
7364
73131
101277
63195
288722
1318900
79076
13210
141418
189013
2412329
91797
121499
527263
2868542
77794
2884957
57436372
1125993
63404156
1391874
13324140
47671
253773
645731
2550543
94098
502151
1533212
166266
1353656
16168721
338437
32075148
1259348
2412328
3659973
11085571
2651582
231418896
19196386
2868542
325082048
14115023
57436372
63404156
1928851
4016466
10210216
686410
131115200
5412508
1533212
144083648
12695594
16168721
32075148
2196079616
614138176
11085571
231418896
325082080
2107081984
261193136
10210216
131115168
144083664
2196079616
2107081984
173135
30381
708697
881645
21813284
171470
10322
301706
324249
65856
305459
1333241
79851
30093
704608
870320
22867648
342190
207148
1287773
5195473
38073
4445801
93853136
1252871
111704296
1561690
21813284
65195
301496
1318786
2688159
204910
1271234
5108955
37158
4397141
93200088
1237589
110251672
1539360
22867646
9713704
26285304
1880443
373106496
21629152
5195473
533822912
14907950
93853136
111704296
2654876
9607198
26080572
1880199
368786240
21067914
5108955
527213728
14680979
93200088
110251680
2465294592
735579968
26285304
373106496
533822912
2427001600
732338496
26080572
368786208
527213696
2465294592
2427001088
67073
20814
532122
600973
13588067
132712
10957
217455
155144
70394
326119
1331029
79851
20423
383268
280983
8183492
218318
135001
606228
3696222
59682
2911626
58451696
1125992
64946300
1405456
13588067
70412
316265
963280
2863437
139036
610278
3766825
141710
1969194
42759296
814782
39488900
1214229
8183492
4195612
13893874
3336040
275449728
18840212
3696222
333740480
14252224
58451696
64946300
2498559
5219551
15451993
1650372
132726992
9471762
3766825
200992480
11732674
42759304
39488900
2466463232
731642368
13893870
275449728
333740480
3189075712
567628800
15451993
132727024
200992480
2466463232
3189076224
30217
30326
708174
692915
21084212
171351
7463
72102
60847
65856
158439
993727
76254
22435
195724
182140
4096296
112733
206815
639404
5152795
38105
3275260
90585424
1251805
87822336
967757
21084212
48285
133932
386902
1340543
160138
548710
3197898
235064
1329816
25552420
523329
37528804
772550
4096296
4875127
25403238
1880707
174649776
8135003
5152795
388460224
8643218
90585424
87822336
1006570
4562705
30167556
837076
116482928
3192347
3197897
145816752
7956603
25552422
37528804
1096638720
338780928
25403238
174649776
388460192
1213858176
140549856
30167552
116482920
145816752
1096639104
1213858048
90915
708697
881645
218341
156027
489374
41697
1333241
78922
524504
432699
1035589
253993
4445801
968770
3837672
625569
4516610
498858
483682
3106321
14586681
2649363
34503536
960458
1023544
30944186
3265960
3793039
4464079
218843680
44626644
14417030
34102248
30584292
216298496
90857
37744
213804
880150
10701
39347
155494
42166
13680
67853
365984
35292
121434
431121
257182
63173
334751
1667020
12937
69294
28181
190624
160496
502941
113331
54026
319756
154131
825686
869589
967365
1075476
108874
52112
142017
1093713
836462
542262
6643819
18268928
2610594
27225950
173907
37588
690637
881547
10666
294852
327210
90602
63294
68920
1299251
37481
688603
878292
481116
236024
331679
4330385
63119
68791
59717
1295267
773801
614110
480546
235143
330500
224310
4317725
2413256
-368771
2327226
479462
130867
-63927
5323752
2316935
1101519
12196072
59100032
16727702
62176936
