79858
11561214
17999312
27245690
8518117
448489
60879344
11193
4834835
39373996
9512
2263432
174717
712411
303398
712166
563765
174760
12606
563765
1404326
98419
33965
935348
305774368
119632
211392
193589328
12449004
145414
30694
9870477
61319
23558
29
6947
11535892
135892
79617
11535892
11566076
82238
62234
5958111
609
3076637
147305
11316
302763
64810
64750
11307
91697
91264
285084
87624
562449
315011
33567
92550
3063440
34209
87632
2898516
1182526
27455
68682
800802
4689
108
68682
3175
173671
35998
695264
11315
263547
46749
35963
694709
194848
46703
194657
170725
35151
11465
83669
35151
402612
89066
410800
40371060
33754
72933
12112
55838
83
32454734
16609500
14532
5269
13151038
327456
4029894
91141
79858
19332376
576867
4029894
19332376
49792
141990
11586
69988
1413189
67517
115926
1038611
1411608
1182526
35681
1830556
38079
79858
282273856
1411608
1182526
1830556
282273856
413919
1093713
30316
425295
38200
67258
20667658
338876
893994
351873
16360377
267923968
12384426
144211
14659769
220232
30362
59640569856
212159680
9741568
11705426
47080980480
305774368
65901
23215
88141
68263
29
353550912
37305900
6995
12640
44888052
2447456
3747116
24731
1182526
34707
78427
664569728
2356464
3606625
1139157
639245184
45204
11589792
120216
6275
168
72734
10875746
39058
10021826
5440
9372950
44787
11589792
84060
6217
124
63323
10775500
23625
6134975
3351
5571499
36161
648131
886191
59122
75848
1222348
207257
318014
4023461
450654
2155992
17668302
11304172
134278
2030199
43304
79007
3091205120
17668302
11304172
2030199
3091205120
66967284
11581431
92976
5744670
47969
65777
19498446848
40332840
7014745
3537199
11402534912
10040
65175
3911281
66488
81065
287173
2355593
645540
891
3127
39220
61636
4801
55506
23246
44373
215732
1359704
152475
41684
946816
333100
306655
2405239
6616118
40093
2061277
83837
4065058
75486
5908484
1091707392
1851060
3519073
981702208
922616
210894
18422514
10711
140013
67402
597856
69137072
12035140
94883
41697104
3061412
1542
3986519
587
1172084
1979
6768
593677312
10574
4151
102476
24664
32569
694507
878677
2639
58345
42514
56192
70880
1324237
8852
143712
121052
201362
295213
4323508
15442
18839
265035
453644
55538
79698
855837
2595238
126382
713509
455690
27783962
49619
176937
117507
401
10117
7818
43527
141
54658684
126007
455690
22459590
27783962
49619
24961
117507
401
7818
37292956
54658684
126007
22459588
24961
37292956
514576
17891170
12502200
24358
30120
24390
47
1182526
27165
5963
154708336
100169016
50499
3128114176
1729663
1421056
4935906
2874
2296
123151
32404768768
9258539
7389903
327806144
486528
1820323840
12483824
9714
3683358
23550
12130
3947912
85165
4595
131
74274
10321049
3456964608
11350300
2558316
8861
3357721
2290503
11063
3597121
4196
3159084032
9376964
3131657216
2328766
2086297
2866103552
40952
2449750
3752482
3947
71546
76043
4507
1182526
11383
43629
4349456
4779867
3808
664952448
302655
433498
3801539
11614
14386
151278
1048830784
379843
288587
69318224
33597
110402696
1840868
60561360
17218932
141606
922346
439976
38421
3883633
77779
70008
622369536
150715232
1410259
15375846400
45757304
13185746
56647392
712189
350503
2964076
118748856320
460493248
111682432
11467723776
41915216
88204967936
495464
305774368
17592412
151365
823502
120655
9667
18590188
251473
70802
588793408
39604504
413844
85847990272
256467264
14710218
58868420
691027
102263
15637245
136977661952
485401888
32503342
71386750976
48425224
113120559104
35514
90576
11490
42219
458366
79858
34531
210907
1955101
96231
596721
458366
527280
2268048
1955101
874576
1595376
31092
10172
1151
3875
50628
68647
3516
24610
236014
10047
56331
38960
40438
243022
183910
63571
176663
610
71516
62875748
3969385
224256
66888
18518410
3177
1770775
110980
42819092
2650658
13502647296
12672923
1156769
68392
439693952
9006875648
275209440
610
91887
3084499
4065268
35681
79858
1182526
2920
87888
112650
3084499
4065268
600868288
1182526
87888
112650
18875738
600868288
18875738
610
89103
16218
4059755
181
78045
6209
2934
462
112554
15512
3882485
3153018
5944
438
106989
99014
3012156
94427
11391
20269996
3069356
4023460
82851
6051526
5976820
61294
1176407
32287
72633
2876024
940746
289731
86038
5877591040
5193516032
18035188
593225984
2736353
3591156
1511750144
5383458
5322440
1050771
619895424
619978624
2563793
62119088
857302
1069232
1747150569472
5226152448
4617788928
527216256
1343513984
136852635648
552353664
1799888640
194756416
1554002214912
121952567296
3451
291930
130810
146051
10985
3058636
4022123
70122
1181445
26911
66838
350406
230896
175435
26933
15428322
18535008
195720
7214497
88959
102381
600484608
2024594
2650742
790442
61321480
73000576
270480
20144068
166887
174981
2166312192
9695630
11688799
4540167
392601536
10502688768
38017208
90789472
26644168
1377196288
6563920896
174774
35623
886191
11465
330254
4065268
84602
382158
75268
35623
886191
9504892
415594
1466489
382158
291124
89436
19511068
551675
3611755
1466489
2106666
400646
122622440
7424829
8416071
68240616
7495672
1074196
17030364
629912256
39664564
2389852
71908944
79929712
565403904
27189
31055
692922
3109
31790
136902
10467
178242
67576
9327
89080
609818
63330
649674
49025
158689
25623
855551
46608
104149
192168
644615
106717
6917750
931717
463164
5558047
148817
173466
575970
35382520
3727643
442519
4142983
3649104
27824646
1481
3454
66315
3315
44479
129279
11579
382158
79858
930
10704
35772
4278
218526
98139
161103
29981
1264781
73949
129279
60003
91858
14610
1548847
173541
35772
12747220
335734
241100
1264781
14515607
670360
64526
1317685
10046074
14515607
66637
19343
3077
9964
763
450384
37270
1706
71841
18624
1415
1616349
109933
2682
1438
559427
69093
20476
1520
393707
2922
1352419
241091
85049
13096
1414797
189167
3275
684412
17204
631688
63049
1142683
44436
131920
558774
10248
35397
674129
12423125
176508
1179
23443
60552
35522
3995
59662
771598
26644
211574
4487204
98644
48353040
1014740
12423125
6899
24751
409181
9724
4666026
90273
771598
20047848
700792
4487204
48353040
2191716
46118
481253
4666026
20047848
2191716
16745
25722
135029
8493412
98451
2703
13644
16127
26982
6357
25416
1078638
41542
41358
3055536
68921
9864157
208519
5674480
4024
10389
534382
14115
1769044
45909
753299
3066934
144480
2060273
6243710
799569
17259
493662
1201941
1872445
491588
170629
36039
168647
49386
175307
11119
86267
11426
139
35345
165261
44124
354401
36501
18144
99053
41661
256678
49078
11218
35796
13088
97555
40847
251312
43760
14576
167362
18032
41632
14289
164520
17704
40819
14550
14263
4394
23044
82207
8457250
82208
635
2366
9440
23622
1501
4468
281038
10295
24630
2736517
61116
5385598
123690
4288061
618
1640
128608
3153
321019
6561
156521
1973932
74220
1432691
2866016
131205
2300
90214
182313
834877
60303
174774
35623
712411
883721
17911270
11465
303495
329335
75292
381115
1355939
35623
712411
883721
18092898
244095
1462487
5993228
4454811
82925400
98809616
75292
381115
1355939
2720071
244095
1462487
5993228
4454811
82925400
88174816
14846138
35092524
210858816
415116896
2720071
14846138
35092524
210858864
415116896
2160985088
2160985344
66289
20082
537666
610636
11589792
10288
213821
150722
68948
351612
1356248
19221
379024
279159
6720576
132979
552473
3381205
2954819
53595120
56225088
66241
294667
935713
2498922
126525
598184
2838689
1937754
41034012
24871464
5566463
19119048
120277664
245513776
2315416
4714439
18954714
104725280
181266784
783108352
859065536
28128
35448
710066
697311
17635404
3616
67774
32692
75292
201032
987013
10999
167371
91993
3284906
242923
755608
5866562
3220114
81615312
75316920
23859
57771
202779
1409445
77073
233672
1774906
645983
20609252
9831640
7438692
34396368
110206816
290791616
442540
2109522
10766480
33267112
65355328
1075322624
323550784
174774
35623
177131
101142
17911270
11465
92023
34083
12358
162916
36009
35623
177131
101142
18092896
36377
637367
5993228
105764
18754816
12743370
12358
162916
36009
166406
36377
637367
5993228
105764
18754816
9954006
967440
5285453
101048592
13779148
166406
967440
5285453
101048560
13779149
119648800
119648800
135080
21957
2395
612191
11302069
11456
1054
329994
340
382158
6512
21941
2394
611694
11384724
763
632269
3730375
17661
337466
55348824
340
381869
6507
32497
763
631771
3727331
17647
337199
49975520
85881
140246
116507984
3279280
32469
85807
140141
116427104
3277122
18190048
18182156
88628
35525
665931
7227
17884452
11172
199738
1253
70784
527
10901
33533
477826
4339
10506040
228840
2041
5978304
43721
77551288
868133
67798
517
7916
3643
217464
2107
5325268
30714
60088400
588701
25489
32923742
281692
5856451
3787
20158
32905724
263995
4769874
2965887
4204694
87636
712411
886191
210266
148537
440734
40686
1359704
79858
503680
416132
1877380
202784
4467237
921383
3147977
324790
3969912
300843
440734
2983140
7688537
2025447
34797992
4513953
1877380
36211400
2356435
3147977
3969912
281127680
23609516
7688536
20226482
36211408
281127680
64281
537042
611758
207612
146562
435346
33510
1359704
64953
366503
270703
1556079
118662
2959809
907818
3110759
321543
3903814
276814
266496
1876581
6055202
1125373
16282016
2534906
925587
35828320
1964915
2001165
1343095
193302592
16774581
4186048
5889185
18720440
114336640
88528
177131
700453
42389
101742
445219
28017
268655
51374
90486
279890
1896550
203868
725799
105975
523689
99235
2553477
228246
142191
294995
1731831
393810
23686706
3368728
635905
4584330
251957
209029
603356
38188436
456173
594840
6185714
1333870
9639724
28846
712411
101142
69289
11169
141917
12066
220729
73745
172276
32641
644660
69819
743379
72376
1009536
103060
456951
10608
125883
246362
2613965
601923
3467787
329535
567807
5024488
206429
897910
378519
22099926
4472032
2349620
1136237
4340900
19635700
29037
712411
3514
69745
198
144943
12940
5392
79858
173321
569
654431
70672
17715
1266
1026313
106491
5671
321
144943
4124
2687435
639579
46211
5489
654431
45551
2642
1026313
5671
348856
38997
2687435
29489
45551
348856
21232
537666
612038
68572
49133
142157
10049
1359395
61567
126077
93339
532818
44012
2961710
314024
1009105
103372
1406806
70191
74425
663930
2216871
398735
5707336
950224
264471
11245387
526952
543522
359760
59598388
6165621
1442773
2444065
4388180
31238832
1806512
162118
39408
1638031
465383
136119
12815
465383
303043264
142303
244437
237650560
305774368
151935
255602
254700336
12430061
175600
35432
12397084
12490744
169947
33936
11929323
612191
110259
135185
330254
1491346
612191
266034
1491346
17755082
152160
74698
14946098
11535892
135892
79617
11535892
62639980
224250
71208
42660184
820545
219580
10555
658213
61509436
267342
85717
56420976
294248
49280
476273
2425076
35681
47841
2425076
3084499
30010
77944
2460448
712411
885714
174774
1358982
303495
330076
4466525
712411
885714
1358982
4466525
526772
482232
133690
978023
300592
263754
2131071
526772
482232
978023
2131071
562494
12487010
166169
125277
12082
33886
38732968
524615
11662886
117217
35931016
1858670
12500924
152108
417154
38746
31261
137318400
1559840
10518024
352942
113837264
1491447
8518117
88043
418039
35231
24871
103140448
836429
4735786
243851
52843224
88875
886191
150749
40626
422811
201974
304968
2004102
129714
611510
317031
88386
586902
304832
559903
1601481
153775
454095
41967
79598
4131286
307329
454095
4131286
416671
1182526
30523
456798
38790
72881
22673496
333151
936752
371905
17242320
301818656
12512297
127670
16511912
220755
27443
66209710080
204623088
8390813
11354196
44727640064
194360128
8494368
130807
16734896
278631
34515
43770830848
185064800
8079209
15962059
41651798016
59616288
12218703
96367
3061412
58505
22189
11732357120
27452456
5863891
1465858
5349368832
2329388
3627312
25316
1107815
34589
77535
606108608
2329388
3627312
1107815
606108608
2447456
3747116
24731
1182526
34707
78427
664569728
2356464
3606625
1139157
639245184
22661
537666
609997
135185
57264
66257
9992
1355020
303495
329069
142180
164518
22661
2954650
537666
609997
439217
57264
66257
1355020
1206387
142180
164518
2954650
439217
1206387
24156
537666
612191
135185
60959
71139
10633
1359704
303495
330254
151686
176669
24156
2964873
537666
612191
471145
60959
71139
1359704
1294896
151686
176669
2964873
471145
1294896
33472
641049
885075
174774
52837
72563
10225
1230126
273259
329837
190208
304461
33472
4040342
641049
885075
432826
52837
72563
1230126
2075921
190208
304461
4040342
432826
2075921
31860
712411
883721
174774
55809
68961
9732
1355939
303495
329335
201037
289343
31860
4456478
712411
883721
451770
55809
68961
1355939
2163190
201037
289343
4456478
451770
2163190
304418368
17839750
124712
18933240
220988
68054
87006969856
201712352
11678511
12670851
55840448512
58134876
17717188
142418
3790180
72545
68986
15141288960
44436096
13656412
2918710
11474131968
299395872
17125298
154303
18436288
262638
73737
83429785600
260103344
14831958
16078013
71802191872
25974794
1495559
7706
18509696
257545
75815
7817740288
22869052
1310189
16304070
6810341376
218278
984267
104862
35168
630307
334651
223994
1471220
203388
1275536
150411
35180
886080
301278
294149
1870691
767571
61075
6181766
37166
430149
73316
626542
70923104
5029788
358551
56241868
62215664
273549
18925364
86504
4022733
77033
58167132
13745866752
17718220
3754973
12829600768
269685
73237
3664242
11730
143202
71179
215031
16860588
2898498
116679
13005736
54029152
284807
18778146
48686
3401390
79858
54029152
12474214400
18778146
3401390
12474214400
990138
287693
18933240
13022
146051
79828
990056
73893424
18928990
146037
73888656
16690136
251492
18882596
30939
1176082
73342
13669468
3714739712
15432579
956830
3034915328
1970668
19038
2038499
12456
1169280
44907
662495
354404544
687886
184388
146254160
16734896
287765
18933240
35681
1182526
79858
16734896
3732840448
18933240
1182526
3732840448
21764
21772
537666
488812
2912
70292
33935
53694
41167
987013
7026
129302
64420
137595
109424
2180267
17457
12974
211224
263982
45196
35070
452583
845483
86464
276273
24664
32569
694507
878677
2639
58345
42514
56192
70880
1324237
8852
143712
121082
201362
306807
4322935
15442
18839
265035
453644
55538
83773
874288
2579706
126382
700360
89143
35982
709452
698344
10973
214883
102961
64891
46749
987013
35244
513376
283564
226453
199455
3216726
63808
44236
619791
300713
218716
193013
2017951
1612537
293989
1559430
173603
32591
704425
122062
10452
299488
68384
32436
701229
177823
219687
57965
925739
68053
218601
57615
921885
801023
796269
72166
26143844
4850
7421
3031155
2163
37204
87718
248485
165
165516352
37970
60457
27737604
22111496
4094
1102235
2566941
1838
74265
192967808
138766304
31840
23462616
919387
163096832
1843320
58130256
62759
64486
883571
2077
29013
14800
43353
83
599046656
684599
455501
58760876
13082340
16042
240316
234865
603
3740
485164416
105331888
129932
12756554
38523
99420080
305774368
17401760
66340
120039
18381272
88728
211340
6079
63668
137
85100814336
355905088
191461872
16292931
10804808
41107
19320420
11661362
56373
3826
107531943936
51723526144
221739616
9974744
12210972
66237456384
439589
188640096
11589792
14753
892390
135492
3328
18390340
47251
19475
464117952
32779036
19670
52274049024
18913058
898397
67025696
48849
9707
1917843
101957255168
18303458
621337
3723681536
1873511
5345693696
30967
194859408
11589792
136119
65315
9524
870
18933240
287765
79858
35129616
2343575
30967
53983469568
194859408
11589792
4956961
65315
9524
18933240
7732801024
35129616
2343575
53983469568
4956961
7732801536
568738
297332096
17426352
123982
980176
144506
11228
18933240
224237
68672
715678464
47326584
379593
84941881344
201639008
11685262
73206936
666296
102238
12959581
168566325248
460985344
29900480
55905931264
46730184
109370851328
28116
27721
2812
12386
138468
79858
8522
67287
623152
24630
144166
138468
104810
590882
623152
212766
463153
609
91401
3069356
4014206
35681
79209
1173775
2907
87829
111938
3069356
4014206
591176192
1173775
87829
111938
18618324
591176192
18618326
170532
32165
886191
10081
322150
3858734
89716
344750
77699
31415
864054
9012230
419981
1358740
336806
271703
80403
18414636
567497
3858734
1328460
1831405
356687
83304528
1739450
9012230
58416696
6758428
1029821
18414636
533530624
134539008
2331243
83304528
74503328
533530624
21595
19165
537666
604733
11396182
136119
3266
69745
49357
65800
332120
1342993
78557
6244
128187
93749
2150915
58714
126908
533881
3155518
102414
2934193
52691004
903107
54556480
1760347
11396182
21534
94389
315350
2360380
42044
163359
923184
9633
678478
13506742
211087
8223392
98688
2150915
4976000
17832678
991845
112871920
5623937
3155518
238109312
3938045
52691004
54556488
754513
1519877
5803733
173747
32858746
3961997
923184
58394924
1415044
13506742
8223392
738690048
308560896
17832680
112871920
238109344
230301104
96623928
5803733
32858752
58394932
738690048
230301104
172543
32637
712411
886191
17911270
176937
10407
300178
325909
68948
352516
1359704
79858
32335
704481
874567
17871860
359731
221802
1352612
5379447
4827
4467277
82925400
1070023
99085040
1758390
17911270
68313
349123
1344254
2505348
219728
1340186
5326572
4842
4416532
82043664
1058362
97786072
1732591
17871860
13137388
31781740
1480764
206613408
1788323
5379447
416279136
2376416
82925400
99085048
2481404
13018814
31512558
1463561
204622976
1809414
5326573
411795712
2339394
82043664
97786072
2069615616
380739552
31781740
206613472
416279104
2049965056
377463392
31512556
204622976
411795712
2069615616
2049964928
67404
21315
535382
608985
11565228
135836
11131
217364
153625
73137
371022
1353393
79858
20845
385016
284006
6832850
198257
141208
617587
3686206
122148
2949726
53368132
898612
56095072
1772406
11565228
71806
322902
952748
2644312
136117
581334
3141887
62905
2030186
41672772
622218
24683676
372639
6832850
5729827
20135296
1020154
116748376
5297559
3686206
244486848
3951692
53368128
56095068
2536962
5394645
19995178
446232
109719040
10304232
3141887
183857024
1620459
41672772
24683676
820262080
344246752
20135296
116748400
244486864
948093056
348677888
19995176
109719040
183856992
820262016
948092736
29051
32348
707191
694379
17031928
175613
3451
70292
33935
68948
185225
987013
75910
10383
173557
95710
3283754
78641
219905
696383
5134419
5004
3199891
78900000
1063394
73756168
1483358
17031928
22764
54443
211224
1307622
73021
216370
1619765
12367
684380
20715740
268446
10737756
104532
3283754
6431262
30398640
1467618
94851296
2735052
5134419
283887488
2771818
78900000
73756168
418490
2012646
10058709
423542
30732884
1148048
1619764
66282440
1145864
20715740
10737756
995922816
164437152
30398646
94851296
283887488
315257984
48122184
10058709
30732884
66282432
995923328
315257984
91189
712411
886191
218807
154724
457388
38776
1359704
72420
525491
434208
1958178
216936
4467277
961771
3272106
337318
4156937
298001
368474
3191379
8032937
2022724
24402272
2022588
1527335
37447824
2243264
2677128
2726882
290669696
30052676
6764266
21041066
28122332
229543904
90714
34556
178945
883822
10614
54613
153520
41949
15417
72307
324381
34271
133598
430797
210125
55100
311547
1133861
15342
68974
16911
231880
87696
307494
116735
53975
307021
30027
779281
565867
2094000
682313
115704
31141
497525
563314
662799
376311
7587725
9579070
2271333
18227578
172704
34457
684082
882572
10723
289519
327246
91072
59819
72535
1300596
34186
678169
874458
425957
208985
311209
4258506
59348
71952
23536
1289261
539892
576118
460416
207296
308706
116620
4221282
3065783
1749499
2596409
456736
253154
20120
6955602
2575394
1995124
17373244
82707072
18794718
59000664
