54864
5118763
3924632
3825391
3895288
196587
17831678
11102
605852864
17452172
9480
517383808
161268
597628
303187
597628
260574
93360
60348
10891629
802780
47081
35043
521066
79983144
41467
99471
855326
3895288
54994
22521
274916
19615
18850
5314
3305
5114864
93360
54864
1716584
5119270
41212
43555
146106
596
1535037
12330349
11102
302773
72605
72605
11102
60303
239245024
240193
56076
3469408256
321007
31320
569107264
2607764
32263
57460
1335368
1019168
19999
47736
78550
1019168
19999
47736
78550
161198
26189
515787
11102
261979
55146
26189
515787
138130
55146
138130
161325
22661
11102
53684
22661
2409373696
201953088
419996736
17901308
15439
40040
6084
31337
14873
8047618
170687
65187
34865
921227
334968
2234289
60348
54864
9934348288
5010474496
727533
7098762240
47353
2198382
39080
46818
9774229504
4802411520
200019
6092405760
1184871
1019168
34032
2234289
60348
54864
291398784
1471673
382274
727533
77643312
356469
944851
28089
2085406
50570
49979
276402016
992385
271665
511968
50917948
70888160
3878103
52847
8069058
122370
21418
11236345856
2136755
248113
513203
137593040
79983144
20516
18053
42688
51772
5044
59444020
118455
3171
8780
44693
3895288
5131050
90485
1019168
32971
54086
822134528
3556628
1638022
364926
223739488
20671
5131050
76307
1019168
28465
49791
822134528
2488469
1182786
273524
151982032
20481
5131050
43350
1019168
16507
45124
822134528
96444
157923
48984
706816
26189
545589
651725
66337
80333
979173
172500
199924
2210010
312840
828575
3899214
5083424
93360
8764064
194524
54864
10427753472
44946552
1716584
3076714
2949428224
28115112
5131050
45536
8855906
107083
45431
10569862144
1181654
182674
360485
14889168
11963
34718
2234289
79851
199675520
407814976
2234289
407814976
442
31654
2226789
79571
185960016
406385472
2226789
406385472
146093
979173
328064
60348
979173
3473559808
5010474496
16148115456
31276792
139406
8855906
43713
2234289
79851
3741532
3965231104
8855906
2234289
3965231104
591743
106156
8855906
33785
2234289
79851
591851
3965231104
8855906
2234289
3965231104
8104790
3267
8772476
557
1010189
79095
7025
1682110720
8772476
1010189
1682110592
20568
23438
585803
650739
9802
296815
327569
71286
80208
977687
23438
585803
650739
184531
199615
2206652
71286
80208
977687
312356
184531
199615
2206652
827295
312356
827295
213932
3925997
15447
93360
2190516
6087
60348
32141
194524
34032
1571092224
8051740
10891629
44756776
44946552
3735401
17083638
19219784
1471673
7786321
38046007296
27467266048
1930499584
10755906560
4099260928
9100731613184
88249
5131050
3895288
18882
8855906
8104790
54319
395497
23401
5328
10569862144
11285998592
123360
246250720
35335
3309
518046560
88108
9173
4151
876716490752
356062
47968
9060
21533
566940
17849250
15447
5032698
72109
6087
2187551
48755
998999
27580
50964
8051740
2313971712
5417108
798596608
1897838
943267
281767936
760567
417497
227944
554799333376
910412160
297324224
111765224
37029340
66428297216
92803
3895288
5131050
30437
1535037
2234289
25580
1019168
10752
36162
2030350336
2374347264
105934
822134528
31586
87674
291398784
17198
53681
21655
576908230656
486559
783049
218094
83514
7418998
896258
17102300
4943233
53911
8093023
2157759
38934
8528254
123586
49029
9937937408
2312178688
533838
10289870848
1969810
252749
3877835264
1242194
138273
494283
7831623303168
125696928
6722732
27341992
12354180
2858664448
120494
79983144
5034004
51866
32870948
2192283
37507
8679924
118811
46510
44835446784
2331941120
926354
10370911232
3621764
295077
3891568128
1891358
153677
568212
7813501812736
1303545216
32816780
151286400
55569496
87926128640
22661
79208
10395
60348
2234289
79851
22054
2455058688
4907517952
205781600
407814976
2234289
427957632
847992000
4907517952
407814976
847991936
19839
3211
432
47732
2234289
79851
912
2333741824
4907517952
195614688
407814976
2234289
406814144
847991936
4907517952
407814976
847992000
881
37196
32870948
2180720
281859
77851
8638529
14012595
100302800
27587980
32870948
2180720
3824389632
8638529
100302800
27587980
3123040256
3824389632
3123040256
881
60348
1535037
2234289
34789
79851
1019168
14277267
12330349
28296732
1535037
2234289
291398784
1019168
12330349
28296732
365036096
291398784
365036096
881
53194
8071
2231208
182
79736
1017838
14116464
64834
28255976
8071
2231208
290764064
1017838
64834
28255978
364551424
290764096
364551424
11102
11232156
1535037
2222209
53127
8104790
8806888
171094
1013955
30018
50049
338552576
177351280
405512384
186893952
4307860480
3933471744
15540658
288909632
1194089
600591
1690523136
6291753
2526808
317782
41554726912
45092806656
887959808
5209554432
155799248
259533984
1203609141248
3277381888
834076672
62187760
397261632
8651298308096
32850253824
13157937152
1651645824
237085196288
2073035669504
10186
8093023
1533645
2234289
35726
8097431
8855906
113249
1019168
19352
46056
462778528
177188176
407814976
191237504
4303971328
3965231104
1117886
291398784
107598
125082
1703976064
462244
452701
74877
41517002752
45345230848
587282816
5237195776
100403328
238785664
1216492863488
62827048
21004578
1663685
9303446
8720826761216
2401575936
2346714112
388484992
3953342464
48435372032
161325
22661
651725
11102
328064
2234289
44540
217797
50141
22661
651725
4907517952
2372896256
440301
217797
407814976
198896096
9934348288
4842778624
283254
440301
847991936
413643360
22413418496
10936970240
3265478144
6120672768
2983089920
259983280
6500516352
12330329088
6008154112
532249088
14070751232
3838922496
7731990528
23024
20032
515306
9801
261736
2234289
47009
129486
47367
20032
515306
4907517952
2284244992
263675
129486
407814976
191465856
9934348288
4661878784
451928
263675
847991936
398186432
22413414400
10528323584
3085021696
6120672768
2871653376
245616432
6153338880
12330329088
5783709184
502845376
13292615680
3627110912
7305507328
21433
22661
651725
11102
328064
2234289
60348
217797
54864
22661
651725
4907517952
2455058688
440301
217797
407814976
205781600
9934348288
5010474496
727533
440301
847992000
427957632
22413418496
11315437568
3573376512
6120672768
3086428672
284504736
7098762240
12330329088
6216334336
582467200
15397069824
4202187776
8464502784
77853
20049
3276
9811
1649
2234289
40690
1094
47055
20049
3276
4907517952
2192932352
2213
1094
407814976
183811456
9934348288
4475482112
230389
2213
847991936
382275904
22413418496
10107536384
3064449024
6120672768
2756844800
243976832
6091206656
12330329088
5552475136
499480640
13204525056
3602395904
7255535104
3880
25666
567746
3878256
93360
10894
287306
69106
34032
25666
567746
1996708352
2321085696
179144
379956544
441391488
5671465984
6586157568
3735401
69106
179144
379956544
441391488
5671465984
6586157568
2238233600
1412406528
1637140864
384413632
6188251136
1412406528
1637140864
384413632
6188251648
1387829248
1387829248
19202
26189
140367
3895288
46875
11102
69427
15167
18410
26189
140367
2005567616
2230155008
40263
381641952
424060864
5696629760
6328113664
213175
15167
40263
381641952
424060832
5696629760
6328113152
1223384960
1418673664
1572995328
207202112
3342209024
1418673664
1572995328
207202112
3342209024
747788672
747788672
157913
26189
173561
15415
92550
11102
88085
18411
33712
26189
173561
7936998
2241987584
48136
1510342
426351776
22544312
6361707008
3734808
18411
48136
1510342
426351808
22544312
6361707008
2207857408
5614375
1581359872
380816192
6130165248
5614375
1581359872
380816192
6130165248
1374845056
1374845056
4889
23735
82928
3895288
42123
10006
42921
10183
16247
23735
82928
2005567744
2245462016
26152
381641952
426955776
5696629760
6371535872
83673
10183
26152
381641952
426955776
5696629760
6371535872
1079474944
1418673664
1583792896
182794464
2948979712
1418673664
1583792640
182794464
2948979712
659720256
659720256
161325
22661
597628
649907
5131050
11102
303187
327152
67057
217206
976460
22661
597628
649907
4599511040
149631
439104
752342080
2203861
13056659456
18314166272
67057
217206
976460
815961
149631
439104
752342080
2203861
13056659456
18314166272
1743331
2916619264
11322685440
59058331648
815961
1743331
2916619264
11322685440
59058331648
42388824064
42388824064
77341
20787
597628
650069
5131050
10186
303187
327234
67057
217245
976695
20787
597628
650069
4599511040
149631
439184
752342080
2204395
13056659456
18314166272
67057
217245
976695
816108
149631
439184
752342080
2204395
13056659456
18314166272
1743650
2916619264
11322685440
59058323456
816108
1743650
2916619264
11322688512
59058323456
42388824064
42388824064
21993
22661
597628
512747
5060143
11102
303187
260436
67057
128842
754383
22661
597628
512747
4544671232
149631
262365
743377792
1696870
12900968448
18096017408
67057
128842
754383
483740
149631
262365
743377792
1696870
12900968448
18096017408
1049633
2881894912
11188084736
58354868224
483740
1049633
2881894912
11188084736
58354868224
41884807168
41884807168
161325
22661
181535
66292
5131050
11102
91976
33691
17241
83465
127966
22661
181535
66292
4599511040
39237
164337
752342144
270289
13056659456
18314166272
17241
83465
127966
311773
39237
164337
752342144
270289
13056659456
18314166272
637404
2916619264
11322685440
59058331648
311773
637404
2916619776
11322688512
59058331648
42388824064
42388824064
161191
22661
2495
651725
5007335
11102
1043
328064
369
217797
979173
22661
2495
651725
4473135104
900
440301
731690240
2210010
12697874432
17811056640
369
217797
979173
818181
900
440301
731690240
2210010
12697874432
17811056640
1748087
2836461312
11011175424
57436033024
818181
1748087
2836461312
11011175424
57436033024
41223962624
41223962624
77035
22661
560037
4306
5131050
11102
283759
2165
63842
466
7745
22661
560037
4306
4599511040
142408
1052
752342144
18015
13056659456
18314166272
63842
466
7745
1995
142408
1052
752342080
18015
13056659456
18314166272
4839
2916619776
11322688512
59058331648
1995
4839
2916619776
11322685440
59058323456
42388824064
42388824064
75748
597628
651725
303187
328064
2234289
60348
979173
54864
597628
651725
4907517952
2455058688
2210010
979173
7053155328
3473559808
9934348288
5010474496
727533
2210010
16245782528
8201022464
22413414400
11315437568
3573376512
32014159872
16148115456
5209001984
7098762240
73497559040
37109325824
11340360704
15397069824
22877224960
50491310080
73364
597628
651725
303187
328064
2234289
32424
979173
44785
597628
651725
4907517952
2379207680
2210010
979173
7053155328
3366238464
9934348288
4855668736
85377
2210010
16245782528
7948012544
22413418496
10966427648
2916603392
32014159872
15649239040
4317841408
5842294784
73497559040
35965042688
9256273920
12566968320
18700713984
41214849024
76945
181535
516055
91976
262116
2234289
28423
759250
39877
181535
516055
4907517952
2294511616
1707816
759250
7053155328
3246406912
9934348288
4682803200
64228
1707816
16245782528
7665183232
22413414400
10576162816
2596968704
32014159872
15092096000
3880758272
5230372864
73497559040
34685222912
8241857536
11189667840
16651229184
36698238976
24170
597628
66292
303187
33691
2204485
53728
127966
51745
597628
66292
4847208448
2401033216
270289
127966
6966475776
3397123072
9812279296
4900217856
577363
270289
16046142464
8020623360
22137972736
11066534912
3370181120
31620853760
15792783360
4929190912
6707193856
72594546688
36293066752
10695548928
14521445376
21607944192
47620472832
24512
597628
2584
303187
1300
2234289
60348
3883
54864
597628
2584
4907517952
2455058688
8764
3883
7053155328
3473559808
9934348288
5010474496
727533
8764
16245782528
8201022464
22413414400
11315437568
3573376512
32014159872
16148115456
5209002496
7098762240
73497559040
37109325824
11340360704
15397069824
22877222912
50491310080
22407
597628
651562
303187
327981
2229253
32510
978937
44735
597628
651562
4895965184
2377981952
2209477
978937
7036551168
3364502784
9910960128
4853163008
86781
2209477
16207536128
7943934464
22360666112
10960766976
2913346048
31938777088
15641171968
4313389056
5836021760
73324560384
35946496000
9245915136
12552997888
18680020992
41169055744
870676
84078
55208
8905557
280053
93360
60348
10891629
79983144
52474
120486
2088190
79983144
57799
130939
3693009
3884621
92988
33885
3735060
3888460
88859
32318
3595152
651725
53660
161325
338078
9106520064
688181
2444577536
14813532160
5131050
62751
50706
553305
5114864
93360
54864
1716584
31157954
116049
36743
1047005
580790
157126
49189
12575494
30952634
152071
47573
7471551
239919
30136
3302473216
2082549
34032
60348
1471673
2624940
27573
49735
961545
597628
651372
161325
978653
247844
338078
2208826
504279
688181
1009101
2322252
591878
516055
161325
759250
247844
338078
1707816
504279
688181
1009101
2322252
259975
3895288
86543
1535037
56597
31726
2030350336
9416036
3236395
1276888
1658548480
899272
3891747
77912
1533645
51725
28856
2028517248
7664978
2645264
1046305
1334456576
900478
3895288
45184
1535037
34047
17721
2030350336
285503
116929
58224
2537801
76755
651725
328064
59562
651725
2400325632
4898766336
11063173120
152423
651372
327888
60348
651372
2455058688
5010474496
11315437568
147387
2227378
60348
54864
9902252032
5010474496
727533
7098762240
356712
1019168
23064
2234289
41072
49697
291398784
253832
116202
197367
8795489
79026848
3895288
47375
8104790
111745
18588
11285998592
1226321
148209
308318
19953364
79983144
3895288
78639
8104790
168453
30085
11285998592
26283040
2241211
4654843
6038191104
17102300
3895288
39102
8104790
94367
14630
11285998592
700884
74113
154578
5390584
3727691
5000515
93360
992399
34032
54864
790894464
3735401
1716584
382274
235209888
3895288
5131050
90485
1019168
32971
54086
822134528
3556628
1638022
364926
223739488
23215
597628
649396
161325
72698
80056
14759
975708
247844
338078
187939
199237
36437
2202219
504279
688181
311768
54239
76257
1009101
825741
142794
192969
2322252
296244
793559
24588
597628
651725
161325
72698
80333
14759
979173
247844
338078
187939
199924
36437
2210010
504279
688181
312840
54239
76257
1009101
828575
142794
192969
2322252
296244
793559
24084
538131
650905
161325
65546
80236
14759
977956
247844
338078
169008
199683
36437
2207271
504279
688181
312465
54239
76257
1009101
827583
142794
192969
2322252
296244
793559
23002
597628
649907
161325
72698
80112
14759
976460
247844
338078
187939
199373
36437
2203861
504279
688181
311979
54239
76257
1009101
826292
142794
192969
2322252
296244
793559
79983144
5131050
45527
8855906
108177
46211
10569862144
1020609
174969
357130
10658710
16222398
5074913
51261
8747652
117274
46313
10402359296
2365547
255507
500247
63515488
79983144
4986925
58145
8604476
131996
50178
10355006464
4613337
355119
680686
200763488
78360880
5131050
62421
8855906
139561
51021
10569862144
7454670
462036
871019
381267584
148361
759250
262116
34298
759250
3380538880
4876297728
15715731456
145936
968987
324656
36000
968987
3233560576
4664275456
15032401920
1848091
127355
8811682
40031
2223959
79511
1410108
3953435136
8811682
2223959
3953435136
30952634
181930
8855906
56603
2234289
79851
16738626
3965231104
8855906
2234289
3965231104
600824
120682
8755449
38048
2210215
79007
1276897
3920372736
8755449
2210215
3920372736
27492080
194524
8855906
60348
2234289
79851
19219784
3965231104
8855906
2234289
3965231104
630281
194467
8855906
60327
2234289
79851
19219688
3965231104
8855906
2234289
3965231104
8082576
123176
8830282
21684
1016087
79654
495382
1700389120
8830282
1016087
1700389120
8100674
75307
8754391
10564
1008372
78917
66476
1676115584
8754391
1008372
1676115584
8104790
194524
8855906
34032
1019168
79851
7786321
1703976064
8855906
1019168
1703976064
24480
22192
597628
516055
9187
303187
262116
72698
55175
759250
22192
597628
516055
187939
138202
1707816
72698
55175
759250
213714
187939
138202
1707816
570307
213714
570307
20568
23438
585803
650739
9802
296815
327569
71286
80208
977687
23438
585803
650739
184531
199615
2206652
71286
80208
977687
312356
184531
199615
2206652
827295
312356
827295
77464
26189
597628
516055
11102
303187
262116
72698
55175
759250
26189
597628
516055
187939
138202
1707816
72698
55175
759250
213714
187939
138202
1707816
570307
213714
570307
160626
20787
592492
45210
10186
300455
66272
20787
592492
2264502272
147999
369651040
6425566208
66272
147999
369651040
6425566208
1435267328
1435267328
875985
78902656
20707
63305
32413174
8160
43602
43085
138825
24737
44062343168
10793416
3537395
59996776
14391187
1266982
22900740
6434258
515489
2609548
51000946688
7991008768
559942016
3112932864
1189601408
2616392417280
891335
16237230
19538
36448
7735514
7699
29098
40653
89005
13610
9504524288
10184362
157755
56610768
606917
52541
21608508
468919
27742
117589
48123420672
20630548
870557
4351537
4049410
281409952
79983144
4970969
20652
42382
8576640
42970
100902
2096
43796
16133
10331218944
59837140
849161
1305593
155969
96231
2746623
321038
201938
49011
4648256000
8219843
7359437
700574
1333331
104062224
269605
77775920
5131050
12990
31926768
2234289
12331
8855906
35477
16517
43310866432
2374347264
33776
10569862144
119228
32233
3965231104
85158
21941
71938
7958583312384
1692288
163469
651331
283542
24300708
18162
79983144
5131050
93360
32870948
2234289
60348
8855906
194524
54864
44835446784
2374347264
10891629
10569862144
44946552
1716584
3965231104
19219784
727533
3076714
7958583312384
27467266048
625048640
2949428224
1041117056
1953893974016
287299
79983144
5131050
48702
32870948
2234289
36208
8855906
114306
47309
44835446784
2374347264
388737
10569862144
1455382
207380
3965231104
890245
116631
417561
7958583836672
150203264
5691618
24418412
10131203
7529709568
17929
22005
3069
60348
2234289
79851
6526
2455058688
4907517952
205781600
407814976
2234289
427957632
847991936
4907517952
407814976
847992000
879
60348
1535037
2217013
34789
79205
1011713
14277267
12330349
28068160
1535037
2217013
287838944
1011713
12330349
28068160
362317760
287838944
362317760
157291
20316
651725
9994
328064
2172581
60348
217797
54864
20316
651725
4774819328
2455058688
440301
217797
396787904
205781600
9665728512
5010474496
727533
440301
825062912
427957632
21807423488
11315437568
3573376256
5955058688
3086428672
284504768
7098762240
11996696576
6216334336
582467200
15397069824
4202187776
8464502784
24012
19852
597628
643792
5036056
93360
9721
303187
324079
67057
215047
967231
54864
19852
597628
643792
4524154880
2321085440
149631
434745
740024448
378901632
2183028
12842722304
6586158080
18014382080
9225186304
1716584
67057
215047
967231
807852
149631
434745
740024384
378901632
2183028
12842721280
6586157568
18014382080
9225186304
3396443392
1726047
2868895232
1471138944
11137644544
5710727168
526555648
58091618304
29731907584
9640027136
13073654784
807852
1726047
2868895488
1471138944
11137644544
5710727168
526555648
58091618304
29731909632
9640027136
13073653760
41696034816
21380163584
2002451968
7772939776
42146398208
41696034816
21380161536
2002451968
7772939776
42146398208
29100242944
29100242944
158842
20787
597628
651725
5131050
93360
10186
303187
328064
67057
217797
979173
54864
20787
597628
651725
4599511040
2321085696
149631
440301
752342080
378901632
2210010
13056659456
6586158080
18314166272
9225186304
1716584
67057
217797
979173
818181
149631
440301
752342080
378901632
2210010
13056659456
6586157568
18314166272
9225186304
3396443648
1748087
2916619264
1471138944
11322685440
5710727168
526555648
59058323456
29731909632
9640027136
13073653760
818181
1748087
2916619776
1471138944
11322688512
5710726656
526555648
59058331648
29731907584
9640028160
13073653760
42388824064
21380161536
2002451968
7772939776
42146398208
42388824064
21380161536
2002451968
7772939776
42146398208
29100242944
29100240896
78868
22061
596315
649988
5131050
93360
10805
302524
327186
66986
217234
976583
54864
22061
596315
649988
4599511040
2321085440
149455
439165
752342144
378901632
2204192
13056659456
6586158080
18314166272
9225186304
1716584
66986
217234
976583
816071
149455
439165
752342144
378901632
2204192
13056659456
6586157568
18314166272
9225186304
3396443392
1743582
2916619264
1471139072
11322688512
5710726656
526555648
59058331648
29731909632
9640028160
13073654784
816071
1743582
2916619776
1471139072
11322685440
5710727168
526555648
59058331648
29731909632
9640028160
13073654784
42388824064
21380161536
2002451968
7772939776
42146398208
42388824064
21380163584
2002451840
7772939776
42146398208
29100242944
29100242944
23849
20787
597628
514795
4908927
93360
10186
303187
261476
67057
129357
757396
54864
20787
597628
514795
4372609536
2321085696
149631
263413
715262848
378901632
1703646
12412480512
6586157568
17410859008
9225186304
1716584
67057
129357
757396
485672
149631
263413
715262848
378901632
1703646
12412481536
6586157568
17410861056
9225186304
3396443392
1053824
2772700160
1471138944
10763383808
5710726656
526555648
56145592320
29731909632
9640028160
13073653760
485672
1053824
2772700160
1471138944
10763384832
5710726656
526555648
56145592320
29731909632
9640027136
13073653760
40297381888
21380161536
2002451840
7772939776
42146398208
40297381888
21380163584
2002451840
7772939776
42146398208
29100240896
29100240896
79208
597628
651725
303187
328064
2229789
39042
979173
49197
597628
651725
4897194496
2426425344
2210010
979173
7038317568
3433046016
9913448448
4952027136
138415
2210010
16211605504
8105582080
22366281728
11183844352
3203916544
31946797056
15959788544
4707885056
6391296512
73342967808
36677935104
10168089600
13805324288
20542971904
45274431488
78803
24993
140367
649988
10607
69427
327186
60290
15167
80125
976583
24993
140367
649988
2448726784
40263
199408
2204192
15167
80125
238336864
976583
3464601088
4997551104
312034
40263
199408
581749248
2204192
8179870720
11286256640
826446
312034
882305920
1218284800
16106466304
826446
2260651776
2999767296
37013622784
4690515968
12372156416
159590
24889
576144
651725
10592
291664
328064
60348
70128
80333
979173
24889
576144
651725
2455058688
181729
199924
2210010
70128
80333
238953120
979173
3473559808
5010474496
312840
181729
199924
583253504
2210010
8201022976
11315437568
828575
312840
884587136
1221434880
16148115456
828575
2266496768
3007523072
37109325824
4702643712
12404144128
