79851
10324829
4877390
7424301
7522789
436595
56049756
13635
1648227328
36163224
11521
1072901440
215693
1120965
373823
1120419
758835
170527
11433
758835
1215176
127411
36587
1166720
263105184
162891
267757
249942288
10966017
168559
34413
10847722
410394
130940
816
320875
10310085
132632
79742
10310085
10305164
127169
76425
9875383
714
2737086
18159920
13700
373945
93725
93725
13673
90447
281961728
356970
88469
7344627200
380174
34367
808715840
2714798
34648
89567
2703824
1056687
34144
78371
1037112
29032
806
78371
28494
214794
52900
1063024
13699
319643
70522
52900
1063021
351953
70522
351951
211876
51542
14081
89227
51542
4287801088
278174304
1078881024
37067340
227492
127358
81918
86615
788
239682368
35574332
218329
78618
230028384
395249
3681229
89859
79851
19660013568
8051043840
3681229
19660013568
112892
211458
12355
75812
2764767744
1107020416
203632
2662449408
1135905
1056687
34789
1476046
37083
79851
220536160
1135905
1056687
1476046
220536160
369250
967521
33631
416759
40827
72847
20300036
358655
939761
404801
19717590
234227696
10954120
167725
12647096
250939
34196
52496179200
230762912
10792082
12460014
51719626752
263105184
443752
127746
536041
209987
821
2287941632
196015328
330599
399354
1704533376
2258153
3537624
24549
1056687
34717
79686
618318912
2253505
3530343
1054512
617046272
305677
10325665
125299
39028
1040
75395
77725120
288621
9749512
36850
73388192
304423
10325665
128626
38867
1063
77397
77406160
295069
10008405
37673
75027832
53081
1025775
1361743
86514
104543
1950655
376685
533497
8023133
783930
4597033
4818252
10122645
131171
686457
41223
79067
1321436160
4818252
10122645
686457
1321436160
69122528
10325665
126204
6055332
62197
75940
19684925440
65737048
9819935
5758753
18720796672
12291
85085
3595413
77814
243377312
682762752
3503735
665353280
885
1404
23725
73165
4231620
12552464
21801
11534378
245128
2165267
188600
41659
1381742
3547509248
3732611840
20676995072
1733429
40942
695159
89957
3728340
79300
1721478
322754176
690367
3702636
320529120
1318723
269340
16012248
11915
200982
77753
1284092
137565840
15591740
195704
133953136
2661948
2069
3630223
795
1051690
1810
60850
511298336
82984
24041
11688001
30721
47458
1099362
1352682
3721
69179
86930
81596
97936
2122924
14567
221055
306306
359462
502716
8669424
26107
44250
628196
796257
113466
214439
2541864
4652491
356301
1937963
557577
7454787
330034
171470
99844
4646
9309
19255
41226
821
32350076
1690637
557577
38647692
7454787
330034
200120
99844
4646
19255
153535456
32350076
1690637
38647692
200120
153535456
476393
15898512
11030316
134058
29251
24148
296
1056687
62433
27200
162707184
85103464
372479
2809818624
12430606
8624298
5557721
22870
18881
826194
27642685440
127216264
66540040
2196919296
4345428
21613051904
12144498
66071
3482061
24268
81764
3635108
88773
28526
810
77093
77963160
3464072704
11980739
19365478
65180
3435109
15243245
80662
3586092
28141
25770776576
76911904
3417362688
19104352
15037701
25423280128
34523
2258153
3537624
22040
55961
60927
3603
1056687
31169
71543
3719612
5167253
30931
618318912
2023213
3169567
3953949
50139
54588
946748
932144000
3332621
4629649
553988608
3542578
835163264
1779490
54826448
15135166
168713
905889
432784
41565
3488658
89395
76489
600484992
144832496
1757161
14150508544
54138488
14945250
54851512
894522
427354
3444882
110613135360
592950080
143015136
13972946944
54163236
109225148416
330496
263105184
15613098
163769
528148
77288
4850
16014308
269200
75029
555801792
35516080
315654
78247821312
251289248
14911922
51380716
504429
73817
15295115
141199507456
530841024
33921072
74733756416
49073232
134858301440
52183
109705
12465
42188
452644
79851
45397
2064176384
5190635520
131566256
359823488
452644
518296896
1335059456
5190635520
359823488
1335059456
45366
5016
298
1854
19609
76346
1009
90597496
238060752
5046960
14403228
18748
19818476
53856668
227611456
13771022
51492720
714
88905
54807156
3657982
276637
76469
16036781
14882524
144562672
40512620
53791884
3590220
12067779584
15739710
141884736
39762152
8659293184
11844231168
8498884096
714
90584
2737086
3728360
34789
79851
1056687
15163419
18159920
41520676
2737086
3728360
535001344
1056687
18159920
41520672
569184640
535001344
569184640
714
90148
109483
3728055
1086
79390
38628
15090468
573771
41480680
108957
3710119
20923520
38442
571010
41281124
20684188
20822856
20584680
13964
21470856
2720936
3698030
82392
6026556
6175792
60567
1054606
31810
72659
632327936
334426112
764231296
256867072
5536459264
5127011840
19632854
530446080
2488012
3381462
1444368384
5510656
5647117
964327
57526820864
59262988288
578197888
10223100928
305797760
698809728
1638131826688
5062513664
4688116736
485037472
1320723840
13756752986112
52602261504
54189809664
9347956736
1497900515328
12579114057728
8249
416936
196820
217519
12178
2661948
3648496
84948
1056687
32643
74926
112540096
44346224
101324472
34765416
30317344
35625720
391222
15014352
184681
204103
514719360
2497776
3423479
991517
3369719040
4641661952
105599304
1357940864
41611216
95075408
4963771392
28447556
33428548
14088358
482974592
642464612352
3161895424
4355393024
1274191360
4657635840
602841350144
215809
52200
1361743
14081
402605
3728360
88467
390724
77985
52200
1361743
11140825088
4330378240
1717568
390724
772037312
275806272
19818072064
7926351872
3641253
1717568
2864674816
1087065728
71477739520
27388809216
10880538624
22643795968
8097363968
753999872
19355058176
106373455872
42367696896
2797746432
69807783936
22114762752
103888224256
34593
45453
1060498
7020
67604
197792
11423
197430
75306
24825
241171
1479985920
555097984
852358
138579
91049520
31405000
2075852032
810523520
186535
582266
337105472
122386424
7444497408
2756797184
1395756160
1515712128
524939520
85867648
1957709824
7034133504
2695139840
317919936
7020812288
1429448960
6633803264
1854
3898
84564
6877
91594
176476
11201
390724
79851
2016
23001
67604400
26248108
190999
237236
95281408
34854692
2448440832
1003685760
176476
118076
27189892
10003163
558724480
209945856
67604400
2784248064
1023443392
95281408
2448440832
1424890112
537222144
27189888
558724480
2784248064
1424890112
80117
30197
6154
10348
1169
437942
37462
640
72041
24487
3575
3927620096
1419240192
2066
512
313290240
103353200
52528232
17354914
395112
1570
758313600
269823168
162833792
56009120
3543501312
15321953
5290117
282650560
47390992
49667888
17755084
684150848
146908704
13823472
44810392
5412
52105
1073024
11028520
171455
674
12014
88571
34712
2510
37323
106178584
92983648
385483
823149184
743335232
21186367488
19761815552
11028520
4579
18988
38806160
33298878
687796096
611799360
106178584
5708897280
5602122752
823149184
21186367488
278231488
259360688
38806160
687796032
5708897280
278231488
20751
38098
236302
7522789
128076
3700
12901
19615
33576
9946
36179
414416512
350537248
72404
641850240
560703104
3919910400
3451483904
7260494
5740
20202
162613584
135638368
569544128
485183936
399967168
976463232
898846976
619471104
3783236096
263831392
235987776
156943792
549686016
942417280
254632432
209776
53022
290394
329648
166958
13385
107113
18035
800
51623
282715
110418128
4059702016
76943
19796928
739186880
150148000
5920287744
321407
17616
74921
19352990
722357248
147457312
5811506176
107658016
28193862
1199286784
19302066
146394752
27569174
1171851008
18869226
143771344
27489104
26880032
5204
34252
111158
7495478
127336
736
2789
14175
33504
2018
5934
103715648
87780928
41321
576088704
495123968
2403749376
2139705600
7218700
845
2444
32591752
26977018
120834032
103324760
99885840
694897664
634172800
554816000
2314988544
39488956
35264188
31388264
116372096
669237824
38030784
215809
52200
1120965
1361734
15900001
14081
373945
402603
108347
390717
2165256
52200
1120965
1361734
10927892480
451697
1717538
1887087872
8882133
50867724288
52596072448
108347
390717
2165256
3378704
451697
1717538
1887087872
8882133
50867724288
52596072448
15838573
14518396928
52118106112
287716802560
3378704
15838573
14518397952
52118102016
287716802560
462098956288
462098956288
79467
31327
846707
959873
10325665
10440
241698
179597
99203
355668
2165256
24746
536148
436061
3841402368
270432
766149
1322491392
6129703
38913466368
40226381824
80029
285448
1314715
3079471
215482
611849
1039543936
3629242
24499611648
17893273600
6931553
10182198272
36274561024
220007596032
2473544
5577817
7999206912
28535144448
131490537472
323216474112
256117522432
32004
52074
1119340
1063146
15606406
7117
72912
60868
108347
224964
1617379
25528
235032
217528
1360077568
450644
986257
1863816704
6580289
50240839680
41000140800
54008
139335
443763
1912297
214825
594324
905937152
1819108
9427263488
7759107072
9024966
14339442688
29662382080
212280803328
1163216
5311292
6974389248
17741436928
56892260352
258100363264
152110465024
215809
52200
301031
157262
15900001
14081
113176
42953
19850
155161
60955
52200
301031
157262
10927893504
81022
676318
1887087872
247124
15128027136
5652035584
19850
155161
60955
195387
81022
676318
1887087872
247124
15128026112
5652035584
870802
2689916672
20614860800
8107998208
195387
870802
2689916672
20614862848
8107998208
28594735104
28594735104
166374
34291
3058
959878
10117221
14047
1287
401938
568
390724
9001
34216
3054
957994
8128612352
1517
856050
1403829760
26768
132253232
39149338624
567
389439
8984
24649
1513
853448
1400624128
26713
132145448
39085703168
52735
55803584
38714572800
898711936
24562
52567
55665976
38589423616
897040256
2438366208
2429915136
106037
52150
1060101
8452
15890845
12060
229008
922
103357
741
12260
43787
680428
3390
5014742016
429724
3569
1886132224
49190
48074969088
353881824
88158
616
6797
6470
359901
2968
1565432576
27966
30306433024
129967144
33268
13849650176
101751040
1792177920
5418
27919
11488368640
81979896
984900480
884652672
724320000
104094
1120965
1361743
235977
170294
414371
40370
2165267
79851
701219
600092
4970098688
1976538112
8882200
1245496
7912084480
3438170112
8841531392
3617150464
414371
5009891
27578429440
11060277248
31843383296
12501977088
4970098688
49002504192
20039770112
7912084480
8841531392
198043631616
58611572736
27578429440
31843385344
49002508288
198043631616
75600
846707
959878
230649
163217
398950
38368
2165267
77447
507851
395365
3741988864
1453655808
6129742
1192901
7753064448
3267638016
8663870464
3437739776
386939
3281572
20427575296
7977829376
22059282432
8502365184
3629334528
48016252928
19045838848
7519654912
8403041280
135541915648
38972055552
19812593664
21395177472
46570704896
131461349376
105973
301031
1070370
51295
130177
429835
38256
449798
74485
147661
452679
5048800256
1872875776
1676486
187182
2244620032
988272512
7052139008
2718052864
400954
719046
7404121600
2857453312
25419094016
9334460416
4709565952
10118145024
4036726784
2093801984
6578299904
36949766144
10205035520
6906631168
23711162368
9438298112
34467078144
36492
1120965
157262
82748
33059
205586
12472
325002
77851
269048
111472
1535761920
609146496
1389869
240008
2445027840
1059646912
316182880
117767944
202747
943426
8543061504
3408583680
1142747136
453712768
1514548864
2346157312
943507392
2411255296
311815488
9712695296
2817513216
8425058304
1126962688
2313750528
9578536960
37144
1120965
6109
84154
562
214968
12840
11639
79851
274173
2374
1577111168
627076864
52060
5306
2510845440
1090836992
12778589
4682193
214968
24374
8772710400
3508916224
49824880
18986290
1577111168
94081176
35781172
2510845440
12778589
426707904
123879096
8772709376
49824888
94081168
426707904
23891
846707
959878
74827
95752
183719
11151
2165267
77205
175932
228751
1084242304
421455136
6129742
706822
2246902784
947408128
2511574272
999133184
177961
1934860
5935123456
2312965376
6410465280
2464777216
1050256448
13959952384
5521623040
2176473088
2432848384
39444398080
11289929728
5749085184
6209527808
13522372608
38207995904
1701983
169414
40659
1685227
668092
132703
12359
668092
261429808
167209
276604
256556608
263105184
169829
279162
260588256
11010054
169660
34489
10915313
11030321
156429
31719
10062825
959878
131002
166544
402605
16252025856
959878
3206262784
16252026880
15771683
168861
79207
15644573
10310085
132632
79742
10310085
54723020
276532
88680
53688948
1134481
240883
11182
1061306
54038504
277998
89069
53732692
366380
84160
7165839872
2186714
34789
46542
2186714
2737086
33632
87571
2646064
1120965
1361735
215809
2165255
373945
402602
8882155
1120965
1361735
2165255
8882155
834012
745116
164765
1617821
372215
319645
4518349
834012
745116
1617821
4518349
769256
11014206
170209
167162
11433
34584
72540768
764735
10949473
166180
72114424
1789798
11031325
167222
372779
41095
33927
130747648
1745458
10758038
363544
127508544
1455467
7522789
129399
373777
41137
33922
100683072
1419229
7335489
364470
98176304
106188
1361743
182415
40263
644650
1971082240
3607503872
12467402752
155967
959872
379899
86176
893251
3264241664
7721063424
19091013632
189312
448439
42019
79648
9178609664
3764868864
448439
9178609664
371930
1056687
34406
450564
41594
78973
22546680
367844
1045078
445614
22298990
262313664
11031325
167800
14068325
274631
34044
57870503936
256699872
10795242
13767246
56632008704
168655392
7522789
132381
14111005
281174
34704
38290161664
168245488
7504507
14076711
38197108736
54206140
10863353
156274
2661948
83590
32121
10725497856
50050248
10030477
2457861
9903193088
2152022
3431264
24335
997977
33685
77598
571519680
2152022
3431264
997977
571519680
2258153
3537624
24549
1056687
34717
79686
618318912
2253505
3530343
1054512
617046272
33585
846707
957161
166544
81891
85306
12051
2159165
373945
401639
258219
284263
33585
6110641
846707
957161
721031
81891
85306
2159165
2655390
258219
284263
6110641
721031
2655390
35749
846707
959878
166544
87707
96232
12832
2165267
373945
402605
275871
320517
35749
6129742
846707
959878
804515
87707
96232
2165267
2978333
275871
320517
6129742
804515
2978333
48791
1016710
1361159
215809
76240
97826
12395
1995663
338589
402519
336238
505517
48791
8161711
1016710
1361159
746494
76240
97826
1995663
4374200
336238
505517
8161711
746494
4374200
46473
1120965
1361734
215809
80111
89985
11783
2165256
373945
402603
355189
469961
46473
8882133
1120965
1361734
753233
80111
89985
2165256
4454596
355189
469961
8882133
753233
4454596
262961472
15892209
167263
16322646
275030
77916
79585067008
256590384
15507170
15927179
77656858624
53017504
15776678
159245
3505203
80625
73299
14092892160
49237704
14651902
3255304
13088159744
259368752
15179202
167488
15753853
279020
77256
76075507712
256756768
15026340
15595206
75309391872
19760348
1183232
8167
16153906
276823
79342
6306583040
19634412
1175691
16050954
6266389504
248357
1623684
138310
41060
990045
3495726848
2917273088
15359159296
231515
2065241
182011
38982
1280322
3157550848
3471592704
18377187328
655375
67763
6344345
39553
406365
78818
648858
62623296
6281256
402324
62000560
54434948
280314
16322646
89085
3702061
79413
54136612
12254670848
16233190
3681772
12187508736
349609
81698
3290390
11858
198754
76875
339480
28980568
3195060
192995
28140936
47566896
281373
16304334
47100
3115494
79851
47566896
11251719168
16304334
3115494
11251719168
1459393
281859
16322646
12979
217519
79851
1459393
154504864
16322646
217519
154504864
14111005
277828
16271982
34291
1053509
78572
13909206
3127755264
16039278
1038443
3083025664
557060
36701
685807
30972
1049475
70310
495953
82013912
610577
934353
73017384
14111005
281859
16322646
34789
1056687
79851
14111005
3136347648
16322646
1056687
3136347648
27177
32099
846707
756279
4074
85080
75022
76742
57554
1624019
11453
201283
181111
246121
191972
4599504
29296
31836
548678
474740
91826
100547
1526856
1745219
266556
912704
30721
47458
1099362
1352682
3721
69179
86930
81596
97936
2122924
14567
221055
306306
359462
502716
8669424
26107
44250
628196
796257
113466
214439
2541864
4652491
356301
1937963
107541
53062
1120680
1070114
11941
243661
133012
93725
70522
1624019
44672
727297
463296
407538
354083
6627601
80670
56903
951326
574088
340286
274246
3781926
3243810
467443
2497186
214372
47531
1115851
167404
12814
370582
98674
47211
1108930
4127634176
409848
698852480
20043902976
98060
407118
694807488
19959881728
6005867008
5971344384
71507
19843430
28894
7751
3001097
19980
38998
533624
264183
1041
142693872
302320
67436
162542256
18713800
27249
8549384
2830253
18843
503246
1154045568
134570736
285109
153289200
8062693
1088348928
1757715
52327024
419708
160367
853120
18791
39103
109616
81681
976
560086528
5946372
1643905
425081984
48938900
392532
2079922
797881
17574
102518
3556121088
523821536
5561351
397558432
1945249
3325866240
263105184
15319820
443500
159048
15686108
535737
261440
37650
72199
1022
76900237312
2286642688
244045520
115957600
14210032
411372
104893424
14549788
496927
34923
757709471744
71329488896
2120995328
107557488
97294816
702820057088
642225
164666336
10325665
66467
1290563
195861
6026
15990616
137698
39995
956033152
65282400
321674
48360804352
82477064
5171855
133846632
646409
98101
8009282
238442135552
478851968
32698250
24222662656
67040272
119429431296
29447
168655392
10325665
132703
58693
8805
871
16322646
281859
79851
22159266
1668299
29447
49509650432
168655392
10325665
3085694
58693
8805
16322646
3339188224
22159266
1668299
49509650432
3085694
3339188224
878236
257030720
15533103
164378
1430761
213257
12509
16322646
276316
78280
1571082112
101394848
860965
77764550656
251976128
15227643
151154272
1402624
209063
16001658
415515279360
1540186368
99400896
76235292672
148181776
407344021504
41183
32693
5716
11431
183249
79851
20500
558291136
1403952896
28138986
76924624
183249
110254632
288420672
1403953024
76924624
288420608
713
90105
2720936
3689456
34789
79279
1052340
15083445
18064384
41005988
2720936
3689456
528719680
1052340
18064384
41005988
563959552
528719680
563959552
209265
47161
1361743
11882
384420
3515923
88652
359542
77898
44135
1288358
10637220864
4339679232
1570834
327827
663762624
248910080
18922113024
7942914048
3515923
1435498
2462297600
977596032
68243910656
27447644160
10637220864
19817181184
7438502912
663762624
18922110976
92733423616
38702288896
2462297600
68243914752
19817181184
92733423616
26078
29928
846707
951264
10133027
132703
7372
81650
107653
94719
334642
2145598
78693
16408
192855
257121
1155822336
449747904
257117
721975
1247330048
520600800
6073662
38348955648
15784850432
39290765312
16316580864
10133027
55879
256069
796765
2899489
138889
512466
714803840
266265264
2186699
8047287296
3208656640
10424250368
3999842304
1155822336
6532722
9620786176
4486750208
33733568512
16632003584
1247330048
214858874880
101260271616
38348955648
39290765312
2177690
4492886
5505938432
2251290112
24783319040
9299949568
714803904
77037772800
32367292416
8047287296
10424252416
301159907328
150978265088
9620785152
33733568512
214858891264
218353303552
92148080640
5505938432
24783319040
77037772800
301159907328
218353303552
213818
47531
1120965
1361743
15900001
171470
12693
371030
396277
99203
355674
2165267
79851
46796
1111152
1339863
10836824064
4208304640
411870
1546213
1730145920
715822784
8882200
50867724288
20627673088
52596232192
21513822208
15900001
97676
348166
2134143
3079520
405674
1514317
1703387136
706282880
8748447
50489966592
20456196096
51779657728
21208696832
10836824064
14273470
13323106304
6181293056
47536660480
23135834112
1730145920
287717916672
133533663232
50867724288
52596232192
3016014
13986828
13118524416
6100157440
46527758336
22780379136
1703387136
283769864192
131750862848
50489966592
51779657728
423818166272
208756277248
13323106304
47536656384
287717916672
414961631232
204392218624
13118524416
46527758336
283769864192
423818166272
414961631232
81074
33374
845536
957104
10312714
132547
12068
247314
190192
105569
378382
2162458
79851
28522
548792
460675
3912074240
1507611648
286424
827724
1405648640
579902592
6109900
38862594048
15764191232
40144883712
16428017664
10312714
92430
341667
1393248
3271067
246550
739349
1197006592
479913728
3840199
25021960192
9929481216
18898620416
7859515392
3912075008
7474780
10819923968
4993328128
38531035136
18780936192
1405648640
219497299968
101930401792
38862594048
40144883712
2948983
6695222
9207175168
4165992704
33953366016
15297429504
1197006592
138956537856
62996127744
25021960192
18898620416
341494464512
168681930752
10819923968
38531035136
219497299968
302539669504
149561507840
9207176192
33953370112
138956537856
341494497280
302539669504
35424
47234
1116482
1063977
15252880
170831
7571
80770
69676
99203
206698
1624008
75960
26737
260926
249294
1439208704
579764096
409366
892538
1639463680
713033472
6591404
48201510912
20547340288
39462526976
17013895168
15252880
57319
150318
509005
1759308
225111
631353
922996480
356211104
2089110
10009594880
4130676224
8510881792
3412569088
1439208704
8179096
12624352256
6157203456
26226982912
13267720192
1639463680
204401541120
100646305792
48201506816
39462526976
1254985
5640903
7094164992
3017071872
18363170816
7146327552
922996480
62453440512
27369531392
10009594880
8510881280
229583159296
118865281024
12624352256
26226982912
204401541120
157946150912
69404336128
7094164480
18363168768
62453440512
229583159296
157946134528
109774
1120965
1361743
248406
191451
452399
41698
2165267
78816
743972
678791
5186320384
2041285888
8882200
1402914
8256235520
3550797312
9226067968
3736072704
447149
5683804
28778862592
11422581760
33230675968
12911452160
5126129664
51136778240
20696150016
8160416768
9118992384
206679343104
90075201536
28444862464
32845012992
50543296512
204280692736
109673
50716
307885
1359910
11675
46225
190859
42156
18767
99395
552867
43853
166169
676297
2063738496
94460
509756
2610657
16182
85315
106462624
284117
822053248
3774091008
181960
78751
417990
517277760
1327190
3095187712
13037445120
1168230
156375
189451872
975146240
5272272896
985208
987457024
5044748288
26364831744
1909117696
12288923648
214717
50580
1081090
1358298
13015
360459
401074
90317
86841
101695
2079630
50429
1077628
1353172
4414069248
377713
518432
8516238
86606
101377
227746368
2072642
7432825856
8092124672
811865
376598
516855
1103601920
8486552
23872684032
27898118144
4719455
809355
1911962368
2126653056
43176931328
4705596
8776481792
10943890432
187704754176
18115256320
103899062272
