80742
10220614
1458075
1709781
7491903
430107
55900136
11104
2921547
36337036
9480
1030768
174081
712439
303958
706336
780683
177620
11808
780683
1227386
58822
32601
326559
263105184
57341
141802
1018612
10984892
72758
23971
315516
447953
27466
98
200
10223864
137902
80505
10223864
10234398
50813
55914
245567
616
2734033
71999
11205
303566
65326
65293
11166
92138
21673
292870
71256
414019
291036
32649
46391
2704241
33602
87769
2488080
1056687
21040
63165
144017
29072
479
63165
4582
173742
35904
688771
11193
263675
46949
35774
688558
195297
46947
195267
170933
32217
11403
78796
32217
367047
71629
164707
36980624
242937
47940
84481
42191
290
318091328
256660
2489
1799
45267248
292011
3660301
91556
80742
19847872
1056033
3660301
19847872
93703
208276
10079
61289
1227300
332321
82301
570079
1187068
1056687
35493
1486002
37863
80742
258375456
1187068
1056687
1486002
258375456
376732
956304
28939
415804
39298
67782
21465040
247874
475290
300650
8753024
235010928
10967392
72319
12470361
153034
20713
60397764608
2038871
221701
425598
7428666368
263105184
505601
27322
593512
77271
87
3379882752
157483
200
440
655998592
2201378
3321285
25631
1056687
34595
78679
727602112
2169982
3271463
1012835
724520192
346990
10238947
97467
41772
962
69709
115558592
70700
1984289
18377
27128436
345663
10238947
52391
41442
442
58244
115461936
4204
261931
3236
24066454
36097
650528
891840
60776
72313
1071952
206536
326451
3475032
389632
1988425
1423047
9976404
136057
444802
42557
79899
119588640
1423047
9976404
444802
119588640
69114344
10235746
54263
6011297
21069
59015
26009765888
194277
281119
103411
6513848832
9553
43487
3544708
58990
51804
1062001
190339
553074
587
1105
22905
54453
3651
109318
5044
102876
214265
1347453
152355
42122
927956
243609
248372
2226572
920989
39337
453722
61851
3728285
69565
409832
65571544
265522
550289
14389175
1239634
145339
15878293
8743
191524
59398
183893
134638896
659318
52065
15729850
2639317
1867
3591110
580
1048797
2598
1645
566270208
8007
2464
15093
26017
32515
698892
873860
3245
61497
57357
56899
69326
1246353
11260
165093
155995
195342
298741
3934947
19878
21045
340010
426040
73530
102190
1019473
2324393
146713
804400
535671
1794583
356545
179693
133188
4803
10007
15522
42732
856
34334176
1412852
535671
4897382
1794583
356545
229226
133188
4803
15522
61389680
34334176
1412852
4897382
229226
61389680
393181
15890691
11026771
28128
24105
18817
68
1056687
27657
6073
196580608
82615576
222
3364509696
52366
3672
5534048
120
16
4930
29245489152
78427744
15926920
556096704
1702292
7282766336
11575234
71021
3244883
10435
83729
3589712
67568
28435
690
68699
105154696
4839631872
666674
27787624
3254
201495
19308550
18142
876769
10105
36144234496
18773428
1688880512
7138845
3248105
8259097088
32749
2202146
3322860
3145
63285
63862
1790
1056687
11846
41483
4397624
4238538
255
727672832
2276
5340
4584070
4796
6572
29249
919245824
548187
374734
131348112
474326
1785663
1774105
54459288
15361320
70374
907090
432258
36357
3494467
54271
63342
655846144
167802560
332175
21096773632
565858
427027
60610472
239091
187699
288162
139146133504
61305168
25699782
6879182848
8571879
27431411712
311724
263105184
15716615
74928
505889
75615
4180
16057294
167862
62295
388462528
26600548
73980
121222725632
2563676
552707
42258476
164954
34423
1054352
66630533120
36814392
3214870
42426454016
5943017
845474560
33019
90907
11308
42753
453811
80742
34022
303073
1342992
64736
711693
453811
229649
3334894
1342992
349134
2266847
28799
3912
280
1802
18373
65932
650
57358
256181
9561
51072
13845
29432
225579
225164
42547
-16007
616
51909
54807156
3632995
163845
61446
15948894
7010
2097183
103735
1759830
333338
15759477760
980375
279942
6548
910491136
3873833984
317860896
616
92305
2737086
3728360
35493
80742
1056687
8028
117488
107182
2737086
3728360
597661568
1056687
117488
107182
30355712
597661568
30355712
616
69590
121174
3723967
999
73673
41153
8322
5072
107372
32380
738281
28660628
16394
2215
14274
1566282
4770065
452793
11269
21426820
2712537
3676560
80918
6053427
6167152
62764
1052150
31645
72248
4828581
638558
1358802
59783
5987975168
6152596480
18673390
587033984
2409832
2963545
1733328384
5699168
5390597
858085
1059869632
1366940416
3909591
143300000
597830
429332
1714814713856
5869353984
5765559296
551127168
1686541056
675098329088
1034772736
1363022592
189251392
1696217825280
676009869312
8088
420590
202300
219172
10042
2638909
3624412
50987
1056132
20504
61484
1058529
630009
491160
38716
33747888
38126584
122760
16437938
50296
82236
573391680
165958
328282
137842
134956800
196296720
458985
62518644
351239
190073
5143593984
6449946
5513514
2449096
66271724
105119784960
68184336
131841032
53953860
316544352
52989345792
174969
33047
891840
11403
330646
3728360
59543
324806
68181
33047
891840
9896944
354762
1279848
324806
1386234
63121
23160162
925956
454662
1279848
3954858
185191
80904600
2180034
3068255
136802656
1902027
464011
6181650
456627392
121121896
2924553
10255782
112591056
417862816
28557
28381
685089
4684
48257
185225
9871
160303
65115
13834
124424
926246
183071
605628
36661
343122
30689
258064
252440
94552
197614
1941504
188300
9439744
509034
618582
15489680
668266
172909
-385348
124633152
13510116
1199832
5725976
13174688
76283376
1547
3002
59322
3973
62884
163819
11480
324806
80742
686
10215
46959
14023
133830
48561
365418
21197
573879
287786
163819
17029
202129
18911
456944
92696
46959
22334908
2206831
167935
573879
36377968
2594222
176633
897487
19396824
36377968
66366
18452
4455
8151
1011
431569
35986
620
64241
15771
2681
968387
233463
2214
458
562246
30722
78328
5771
221968
1541
1501418
49772
281317
35787
1117045
303006
23468
311874
40510
467270
97442
514121
74405
83342
231311
4468
35686
681439
10988114
179254
552
10672
62278
35338
1720
26083
699409
50947
210113
4422191
86820
82965952
1220616
10988114
3165
10282
399650
21356
4467237
293183
699409
23604728
538702
4422191
82965944
1366587
168834
292998
4467237
23604728
1366587
17346
25265
165175
7472581
58079
3135
11142
12973
19397
7299
27387
1391507
23954
38694
3496550
67813
22175538
315408
203806
4108
13443
1484963
6361
1912912
83272
426176
4346744
221950
650797
11196620
2460317
102153
136470
284630
1856508
1129312
161752
35967
168450
356034
178589
10648
86461
10992
843
31573
156132
467821
304418
33989
149454
83307
486356
384854
356034
10391
29869
194473
58755
439097
360838
467564
162272
142315
147933
485570
139731
111371
130739
433814
161928
140272
4540
23055
67946
7442989
48046
689
2660
10357
17884
1477
4536
555691
17051
22158
3138128
31069
7546384
105590
76983
675
1428
385249
18570
699328
27989
154753
3011577
59880
690081
3830537
153175
11002
122352
191616
1811922
53607
174969
33047
712439
889400
15900001
11403
304157
329739
71221
324211
1344010
33047
712439
889400
24371556
240000
1278950
5726984
4311421
106097472
85274624
71221
324211
1344010
2597925
240000
1278950
5726984
4311421
106097472
160495344
18733044
39932604
368082528
666771584
2597925
18733044
39932604
368082560
666771584
5304817152
5304818176
66367
19051
537539
608204
10238947
7423
212651
130354
65080
298762
1344410
15009
379574
237099
9164450
139824
526286
1639041
2919578
65753516
45808992
45611
80217
772933
2355056
103082
254429
1351990
1584833
51843984
34547268
8179741
18666960
302797888
393006528
700938
3925837
16026173
136600224
222990240
4764512256
1797248000
22439
32355
710243
691152
15818932
4781
64312
47081
71221
181181
997157
12387
138375
104636
3486894
236475
688252
5610097
3121360
105737824
67815456
30849
45837
281936
1407293
94082
233149
2135813
691889
18872160
17954028
9707680
40194908
178311056
489658624
421327
3427750
17289994
22113106
118757200
2654772992
1043621248
174969
33047
175761
103760
15900001
11403
92192
34397
11269
135796
34051
33047
175761
103760
24371556
32228
544236
5726984
97736
24341720
8904236
11269
135796
34051
142340
32228
544236
5726984
97736
24341720
18160346
857266
6620026
178126368
15125814
142340
857266
6620026
178126336
15125814
260591376
260591376
135221
20832
2821
609633
9940949
10927
1066
321561
619
324806
10896
19835
2791
578166
14969633
1910
570268
1713500
43895
272322
45299008
448
225112
9386
62608
1429
463566
1457057
35234
266344
91230472
308085
107438
313016064
1195122
27966
231365
2137
213547776
1169772
232738112
134694080
78981
32620
670985
8868
15887427
10814
198526
1195
64391
683
11420
27150
416637
3926
13168563
206119
3400
5710316
58202
101274656
866596
62290
589
7620
4664
163173
2356
5449124
26977
69096448
649813
25480
43663456
589959
10933214
3904
16465
33208608
456505
5017812
3338768
1911148
86841
712439
891840
207618
120470
409825
41067
1347453
80742
494581
309361
1066353
272185
4317347
711928
4659790
178225
3484219
164134
409825
2032294
12260285
1442955
16686324
1136683
1066353
41526220
1571931
4659791
3484219
314831040
33168848
12260285
10248648
41526224
314831040
58755
535092
607498
201808
114240
379438
31191
1347453
56859
327544
187738
927997
215126
2920198
677084
4288593
170885
2701364
178094
123677
1242800
9960750
830261
10789966
1661564
756075
40610572
1015657
2306703
2556244
38431856
12598569
3014022
6032228
36744884
14616496
84260
175761
701722
41761
95537
426851
27072
263742
49035
84605
228380
1249863
287302
695390
94668
534252
47828
2110163
144287
86901
229022
1551626
275290
16074725
1713696
691129
4086322
208200
228533
869177
29354824
774300
878851
6272068
4213330
14810302
30798
712439
103760
73912
26194
203391
11780
215683
72775
199326
68860
944186
185380
734339
158715
1513770
139401
551140
70056
141159
500510
4709559
604338
6074319
588873
818821
6129751
776224
1041054
617815
58672648
3424658
3593819
2185162
4736610
27220356
29488
712439
4255
74601
512
217503
13055
7901
80742
188059
1646
1028827
194757
28653
4340
1486999
154386
44969
2671
217503
14838
5303806
675719
217698
4808
1028827
265304
16766
1486999
44969
3508844
247854
5303805
28888
265304
3508844
20275
537539
609436
67365
72477
178518
7677
1347053
56039
129910
137473
816086
139619
2923563
444884
1389865
131511
484780
353329
37244
982742
4388679
486529
4796055
560494
183286
13570913
1700067
390569
41070
123480064
6366683
2860382
7619359
8483522
7825244
1659783
168467
40368
1459345
657592
138118
12625
657592
260852448
70592
164701
1771584
263105184
77243
179196
2323452
10993960
178527
35347
10993951
11029918
174188
34136
10862842
609633
61932
135432
330646
2032724
609633
217686
2032724
15796144
82110
69003
758411
10223864
137902
80505
10223864
54725800
161563
50867
1356723
1009259
217547
10318
596533
54200976
194223
65288
4197329
294890
38916
215233
2162683
35493
47157
2162683
2737086
28614
73635
1100297
712439
891497
174969
1346860
304157
330473
4324952
712439
891497
1346860
4324952
528004
469235
133971
999250
301272
263858
2034221
528004
469235
999250
2034221
783881
11015599
172257
176133
11616
33053
77291736
697548
10544032
133867
63257608
1787527
11030553
133289
380960
39637
29587
149971312
1100480
3412592
250817
61137888
1458221
7491903
52595
382383
33421
18997
117711520
224804
113650
62195
18588616
87597
891840
127042
41024
320591
305621
281574
1293354
116100
607550
273788
87444
429766
250502
914840
2194591
145743
444899
42500
80487
3870978
239772
444899
3870978
380513
1056687
23818
452132
38345
67064
25346262
159790
204329
254738
6505990
260664640
11031325
65712
13983299
155070
18110
66040532992
1643026
141015
320887
8602770432
166885008
7472486
86288
14111005
210516
30610
42910015488
5645148
949319
1861587
5115403264
53580752
10790526
54754
2639317
43020
12323
11969496064
365522
48772
36614
1409277696
2087379
3203614
25951
991738
34417
78408
655958848
2087379
3203614
991738
655958848
2201378
3321285
25631
1056687
34595
78679
727602112
2169982
3271463
1012835
724520192
22819
537539
608147
135432
57496
56611
9903
1342362
304157
329400
134509
161570
22819
2817659
537539
608147
431833
57496
56611
1342362
1494600
134509
161570
2817659
431833
1494600
24156
537539
609633
135432
62062
63725
10525
1347453
304157
330646
143313
178397
24156
2822288
537539
609633
490579
62062
63725
1347453
1675789
143313
178397
2822288
490579
1675789
33390
647611
890624
174969
53660
67150
10131
1271820
273654
330229
186220
303278
33390
4102384
647611
890624
451696
53660
67150
1271820
2337736
186220
303278
4102384
451696
2337736
32113
712439
889400
174969
56396
59163
9656
1344010
304157
329739
193397
277720
32113
4317181
712439
889400
443901
56396
59163
1344010
2490973
193397
277720
4317181
443901
2490973
261938224
15833285
62584
16322646
152477
60185
121774956544
1423316
345737
739163
42559590400
52345248
15674319
73752
3455248
51766
61755
20628504576
1031868
540560
341222
6924731392
257948512
15329217
78148
15901240
178340
66611
117867487232
2697536
609782
1155518
41233350656
22310876
1331833
1838
15975345
182654
69267
11774565376
49318
14309
1242771
4540858880
218171
991403
110971
32297
652357
155328
160869
1624786
201621
1300685
132602
35115
770500
267220
278625
1528722
674755
27371
6367202
36322
399724
66349
140038
74373520
181824
204333
12040014
54661696
274495
16318029
86484
3716905
76596
49191000
16218830848
14328073
3349913
15533418496
335158
49809
3129544
9856
193715
63612
86038
26623788
284345
73442
2970686
47376444
294451
16203910
48022
3115494
80742
47376444
14827542528
16203910
3115494
14827542528
1459914
297523
16322646
13127
218504
80741
1459906
173269536
16322611
218501
173269408
14104617
171679
16293878
20178
1053933
65779
442957
3923533824
1043962
120415
795674560
382192
22258
450695
11150
1046838
39459
20166
25281272
54369
23386
2755356
14111005
297549
16322646
35493
1056687
80742
14111005
3925947392
16322646
1056687
3925947392
22388
21833
537539
481358
3824
74885
66577
53981
36931
1003885
9432
146197
127977
129320
98321
2094836
24543
27002
420874
263498
64612
77989
900834
922436
212953
786757
26017
32515
698892
873860
3245
61497
57357
56899
69326
1246353
11260
165093
158623
195342
296527
3930427
19878
21045
340010
426040
73530
103192
1053241
2357113
146713
888804
88748
35996
709818
699848
10831
212958
98324
65410
46968
1003885
34149
508841
255883
218893
200566
3124384
61925
36950
573862
329227
206448
145720
1630064
1985650
241903
1292838
167870
29989
705596
60806
10364
299433
62524
27927
668422
225260
214833
277039
1140298
61358
200017
281503
1217650
1872770
1995164
65529
22337322
35785
2566
2946186
20705
37222
590855
184554
818
170154928
358327
11279
278957856
315245
925
9220978
1303962
11199
58846
1584240128
31262644
42252
69869176
2849914
212823072
1734830
51551248
459497
42780
843268
19277
25925
127934
34999
297
587205504
6199918
87396
564460800
108073
1299
2052395
77717
1666
31394
4123973632
45977016
296391
83534944
45616
253737632
263105184
15568550
508105
58966
15812416
599646
142843
40644
55968
470
120052711424
3394441472
1147749
179787184
295550
6607
148436208
642330
16468
3835
1206829187072
41853050880
657284928
41391272
24115402
293585780736
609866
162374176
10238947
9067
1198886
184279
837
15948847
32722
12181
984684352
68142160
881
71085391872
19761
7870
129114728
3017
2321
27920
274499158016
152362144
9934086
23662327808
11375103
70750838784
29250
167312480
10238947
138118
62789
8897
873
16322646
297549
80742
27166808
1847313
29250
73381322752
167312480
10238947
3881669
62789
8897
16322646
2270021120
27166808
1847313
73381322752
3881669
2270021120
868002
256479296
15518956
65712
1434864
213788
9826
16322646
160075
62389
1943820800
124297960
119580
119808630784
1765715
410288
169704592
281996
71244
869316
589920075776
374226016
24789964
42013978624
23023872
167809286144
25979
25403
4171
11944
182501
80742
11345
177484
887323
22042
311581
182501
120565
1513353
887323
299909
811913
614
91815
2712537
3665459
35493
80097
1050170
7735
122094
107167
2712537
3665459
585027392
1050170
122094
107167
29862604
585027392
29862604
167157
29638
891840
7153
267271
3483198
90054
299726
78583
17828
631971
8941149
403577
1251266
65518
1029932
48826
17784026
1045831
3483198
242011
2858907
179951
64336888
5029212
8941150
93108856
2263071
432542
17784024
356764736
1043280
3753299
64336896
120500376
356764736
20247
18224
537539
600785
10178277
138118
6341
72266
88419
62463
280191
1329912
79426
10796
128201
147108
2613960
49311
135685
522280
1619791
172946
2751344
65587596
1432649
44468144
2662621
10178277
42133
148648
547436
2202477
77079
291627
1745533
135331
1035580
15672522
225568
16938138
1113691
2613960
7873625
19354752
1323599
286408096
38906032
1619791
372793664
11635944
65587588
44468144
1280671
3551059
11303156
1260434
96603040
17661346
1745533
141949488
10884152
15672522
16938138
4405865984
86782256
19354756
286408128
372793664
1786785664
28601956
11303156
96603048
141949504
4405866496
1786785664
172310
29987
712439
891840
15900001
179693
9048
299788
301812
65080
299324
1347453
80742
24713
701296
766703
24133504
374858
221025
1225288
5242982
242802
4239355
106097472
1531491
85758864
3253642
15900001
54009
131073
1194113
2358918
179395
463056
3749682
168451
3514216
105278112
1517840
78852576
2781628
24133504
17049168
37624744
2052475
347910336
55599320
5242982
667794368
18550916
106097472
85758872
927061
8648865
30983766
1064248
199118624
19444432
3749682
579555456
9395431
105278112
78852576
4756375040
65036608
37624736
347910400
667794368
1972558336
57008272
30983770
199118624
579555456
4756374016
1972558336
65128
20104
535672
604625
10225026
137847
10883
216708
154424
69325
312023
1342202
80742
18850
368215
266936
9091984
131003
146731
572105
1586504
199407
2754288
65318916
1428317
46487620
2758716
10225026
69996
305623
940364
2492898
130428
613236
2081782
187519
1718085
50880120
924886
21046106
2145204
9091984
8849481
19846796
1373153
299619200
40651188
1586504
392121216
11488021
65318920
46487620
2681379
7748388
19994644
1472523
264494656
31322534
2081782
257274912
10179644
50880120
21046106
5167598080
101141792
19846786
299619264
392121216
4529721344
121392432
19994644
264494656
257274912
5167598080
4529721344
29532
29200
707667
687330
14929017
178442
6132
71700
55849
65080
169071
1001650
76755
17532
190077
150728
4292511
69253
217487
636394
4983366
245520
3060570
100949232
1486575
65329904
2196387
14929017
40551
72052
343153
1292774
129600
312660
3320197
180850
1037390
25914388
326990
15080236
257187
4292511
8816597
35191040
2123986
166355024
25204266
4983366
463592224
11870517
100949232
65329904
592335
3860515
24027448
1530256
45592512
2860810
3320197
160030688
2598284
25914392
15080236
2333888000
38990816
35191040
166355024
463592224
1016277312
34170136
24027448
45592520
160030640
2333888000
1016277248
91528
712439
891840
218599
156544
453117
37592
1347453
65383
527441
443342
1367999
308339
4239355
961060
4731240
210772
4119602
288688
211359
3005691
12048166
1418386
36728992
1609392
1322394
55790560
1686157
3014308
2547706
340274368
24061488
3788226
15222586
44063144
234504944
91153
34839
213860
889528
10739
38853
151970
42556
12541
67539
360844
34710
120477
427157
287632
52629
305787
1383907
12628
64798
34918
178749
2991
210575
95133
51057
303888
85579
647481
472936
1446533
708934
94137
104388
874376
914254
697899
393871
1915510
8967184
883668
11736160
170690
34469
689004
880722
10602
290115
321050
91323
60914
71319
1197154
33602
667846
828566
355013
204631
312064
3833558
60591
68563
42330
1171455
330031
1058501
424803
198934
292172
403347
3518392
1108022
4864060
2459499
421465
494028
815280
2720930
2286188
2001103
929761
20245926
3685818
36068544
