79851
12305032
5723615
7396919
8537604
437370
56051264
14433
1618542592
42325248
12215
1055231872
226792
1265666
394775
1265072
791844
170133
11783
791844
1282147
127196
38730
1229049
263105184
165567
272157
254049024
10968805
168543
34413
10850480
469455
130663
813
367054
12276948
132578
79708
12276948
12281649
127821
76823
11830890
780
2737086
17859622
14498
394849
104435
104435
14469
90447
306912192
376371
88364
6670223360
401272
34277
878141952
2715116
34611
89471
2701246
1056687
34144
78371
1037112
31170
803
78371
30592
225892
58864
1177318
14498
340667
79302
58864
1177318
428681
79302
428681
222475
55199
14458
89242
55199
4360551424
302777536
919714944
43385936
293416
127347
90968
86640
786
335172544
41638664
281600
87305
321674240
417427
3681366
89859
79851
21503858688
8088681472
3681366
21503858688
118815
211496
12384
75990
3027116288
1114321792
204143
2921870848
1153021
1056687
34789
1502196
38015
79851
223894752
1153021
1056687
1502196
223894752
370278
967364
33601
417742
40861
72795
20365976
359471
939129
405549
19771538
236599232
10946302
168153
12730873
251046
34261
53148385280
233730144
10813562
12576494
52503887872
263105184
506084
127532
597271
209634
813
2727905280
195686304
376403
444224
2028898560
1581483
2279347
24543
1056687
34719
79690
402688000
1578307
2274769
1054564
401879136
393102
12305774
125146
41760
1034
75310
108998216
370749
11606030
39385
102800256
391523
12305774
128614
41592
1059
77397
108560464
379493
11927674
40314
105224912
59045
1158393
1490762
96290
115634
2134339
441939
622391
9507712
922446
5705646
5649305
12063126
130989
681449
41242
79063
1646251904
5649305
12063126
681449
1646251904
82925712
12305774
126110
6091863
62393
75890
24052303872
78812840
11695444
5789724
22859380736
12707
85506
3601898
78011
266168064
649662976
3518918
634696128
1292
1710
31450
73340
5633688
14559973
28969
13411424
255632
2381681
199014
41719
1500932
3234353664
3755555328
23577327616
1721255
40961
689718
89957
3728340
79300
1709388
318883648
684963
3702637
316685248
1360162
268897
16002737
12193
207674
77753
1324442
142962080
15582479
202220
139207648
2654267
2076
3625368
798
1052229
1817
60885
511665600
83160
24136
11736904
32683
53193
1241899
1482059
3871
73120
94725
91326
108042
2332241
16046
250531
347473
427443
584111
10284170
28611
50399
704568
928928
134217
262566
3110724
5747220
437076
2587129
637026
7377115
379053
171470
112054
5176
10101
20132
41246
819
38172204
2163535
637026
45241024
7377115
379053
232634
112054
5176
20132
207364208
38172204
2163535
45241024
232634
207364208
539035
15898775
11030608
134049
33121
27356
286
1056687
62433
27200
184862224
95445760
421456
2809889280
12430812
8624526
6352231
25897
21389
826194
31019507712
144538640
74626392
2196974848
4966633
24253292544
8016016
54319
2245916
24259
90720
3638391
88742
30652
807
77083
61780368
2112274432
7906088
14736220
53574
2215117
18080650
89476
3588495
30231
19966136320
60933136
2083307520
14534134
17832698
19692331008
43872
1581774
2279828
22064
66253
72742
4075
1056687
31207
71629
4155981
4926392
39355
402753280
1418909
2045089
4891141
59432
65252
947886
881553664
3728067
4419154
361284416
4387532
790785920
1777180
54786992
15128202
168622
904183
432189
41556
3480263
89395
76462
599602368
144545792
1754880
14142442496
54099520
14938373
54725480
892837
426766
3436593
110396014592
592078528
142732032
13964983296
54038784
109010771968
335921
263105184
15608072
164262
536930
78508
4910
16009018
270011
75225
569353152
36325336
321801
78235205632
252045952
14952012
52557312
514361
75208
15336103
145023762432
545421184
34798456
74946707456
50348144
138927931392
55807
114438
12799
42188
452644
79851
48252
2098900224
5338201088
142866944
340563904
452644
438213376
1396376576
5338201088
340563904
1396376576
48811
5308
327
1853
19547
76308
1276
92359728
247213184
5508771
13780724
18680
16952706
56403880
236245696
13169347
53901552
780
88905
54807156
3660869
276637
76461
16049506
16194911
138843296
38358296
53791884
3593053
12081674240
15752198
136271312
37647732
8535627776
11857867776
8377509376
780
90584
2737086
3728360
34789
79851
1056687
16500576
17859622
39353296
2737086
3728360
535001344
1056687
17859622
39353296
554904384
535001344
554904384
780
90069
121140
3728034
1079
79316
41322
16406871
562412
39311448
120452
3706863
24696188
41087
559218
39088204
21726892
24555944
21603508
14338
21660032
2721225
3698776
82271
6088079
6230607
60747
1054730
31764
72542
631095680
330342848
725222336
279125280
5595534336
5174688768
19776828
530611968
2484632
3377191
1458001152
5558760
5688896
963028
57696747520
59299020800
576225920
10102829056
301621696
662169024
1656318328832
5109039104
4724783104
484478656
1331237376
13645875511296
52680384512
54143348736
9224452096
1512312012800
12459454758912
8383
416190
196805
217519
12150
2654172
3641502
84750
1056618
32556
74752
108051376
43850384
96672912
37906632
30301076
35619016
389614
15014125
184238
203629
514607648
2484687
3408970
989147
3317416704
4635749888
101151632
1327309696
41050264
90499736
4963512320
28366164
33344524
14055381
481746752
633106595840
3105579008
4339728384
1242552832
4646560768
592678748160
226911
55863
1490762
14458
425042
3728360
88463
436165
77981
55863
1490762
11516594176
4409842688
2097741
436165
732884352
300132928
21677445120
7963024384
3641080
2097741
3004065792
922682112
79129501696
24969185280
11246992384
22404282368
6454313472
715727616
21169983488
103532478464
35180548096
2933741056
77277093888
21879803904
101108809728
36006
48908
1174937
7154
72631
197884
11398
221581
75138
26608
270251
1532326016
565200576
1040166
149202
86936496
34263760
2314303488
800617600
186205
706377
353228448
104277392
8378735104
2551688704
1441887232
1559591680
430551360
81805456
2177712384
6962846720
2294661888
332380768
7884217344
1467543808
6551896064
1651
2661
70889
7472
102054
185516
11590
436165
79851
1344
17905
70727288
27675422
100625
270307
94113056
39410792
2776238592
1043304000
185516
62317
18421820
5788315
483314400
156014160
70727296
2885507072
846757632
94113056
2776238336
635052736
221897248
18421820
483314400
2885507072
635052736
87067
38241
6910
10683
1207
437873
37528
864
72167
31131
3993
4074030592
1448127488
3651
739
296552192
112438616
49892816
18906136
395742
3055
942173120
267145712
171667808
49222656
3682034176
20100892
5542773
268018480
45092216
82513248
26723192
851518848
155150240
18166820
74573960
5758
58085
1209567
11011144
171363
694
12596
98730
34702
2761
42131
111461744
104121168
453032
929067136
719116096
21513936896
23742283776
11011144
4943
22265
41754472
29323112
716914176
757284032
111461744
5652971008
6445440000
929067264
21513936896
282760448
308777568
41754472
716914176
5652970496
282760448
22997
45741
275806
8532636
127930
3746
13677
21949
33551
11813
44027
437443360
391501440
91268
732642688
545559296
4006359040
4231093248
8228995
6131
25869
175600128
116919664
603574656
615439296
421876576
974534976
1057473152
706570944
3863789312
271670496
284583680
169351264
582095936
939855360
262002880
221968
58983
320620
378672
166575
14224
113840
20599
796
57695
314290
118387240
4386754560
90763
22333528
710292480
140845936
5759139840
368408
20214
88806
21937076
698006336
138977376
5682779648
115178384
27865756
1312071680
21728184
137028320
27345004
1287548672
21342476
135210432
27110460
26603824
5994
41156
128776
8483768
128125
785
3019
15872
33788
2523
7224
112764648
100614048
52373
661692928
497546368
2453146112
2623503872
8239722
969
3282
36723612
25020512
130931392
124894840
109520832
701738240
759656896
642658432
2382577920
42807820
45159336
35667212
127165000
681551744
41576396
226911
55863
1265666
1488211
15900001
14458
394902
424233
116003
435960
2377639
55863
1265666
1488211
11397824512
510672
2096871
2067015680
10510834
51763970048
61048561664
116003
435960
2377639
4465541
510672
2096871
2067015680
10510834
51763970048
61048561664
23813738
15247640576
57550888960
310756048896
4465541
23813738
15247640576
57550888960
310756048896
587395235840
587395301376
86581
39604
980216
1153941
12305774
10907
252454
190763
106856
399014
2378154
31736
621795
538175
4030936576
363708
1473779
1465594880
8164247
40060452864
47256461312
87954
334400
1438216
4108923
293978
1227320
1133408000
4805070
25607852032
21150314496
16818726
10868067328
40486395904
240550232064
3305843
12575273
8941434880
31002542080
145407770624
418183708672
337547100160
35438
55731
1263853
1174608
15609156
8001
80284
70963
116003
249772
1801233
30072
277788
265605
1480627200
509502
1189170
2040789632
7904094
51108343808
48160411648
63560
167377
535777
2459489
273317
803752
1020807936
2394788
10381979648
9584168960
13061426
15054531584
33551243264
232411463680
1550548
7949771
8248053760
21126782976
69070266368
319340281856
201574711296
226911
55863
333262
167573
15900001
14458
120011
44032
21331
175567
64756
55863
333262
167573
11397824512
89027
849624
2067015936
271418
14386954240
6230232064
21331
175567
64756
266329
89027
849624
2067015936
271418
14386954240
6230232064
1376002
2807338496
22002872320
8523649536
266329
1376002
2807338496
22002872320
8523650048
35075403776
35075403776
175422
43288
3709
1155664
12074765
14424
1355
424351
637
436165
10302
43190
3705
1153390
8569138176
2335
1623384
1556777472
40010
133712928
46064230400
635
434873
10282
35583
2330
1618818
1553386112
39928
133595712
45993639936
131214
63095056
43365957632
1012515712
35490
130839
62946784
43232403456
1010617152
3537145600
3527882240
110876
55820
1196056
9112
15895087
12396
238482
968
110403
472
13407
46599
755230
3674
5195896832
485046
2369
2065857152
56668
48851025920
392084864
94842
389
7379
4354
407911
1938
1665221888
31704
31238651904
148018592
23515
14503485440
74516704
1753168768
3636
19424
12453501952
57003556
964328320
572908032
478293184
109837
1265666
1490762
248000
184049
421211
40677
2381681
79851
786746
668692
5157238272
2027682816
10526818
1386676
7431157248
3153506304
9705197568
3661671424
421211
5956052
27575042048
12742252544
35444547584
11446059008
5157238272
51525304320
22987884544
7431157248
9705198592
209675730944
104958787584
27575042048
35444547584
51525304320
209675730944
84945
979020
1154643
248736
186688
425322
39528
2381681
77447
609741
525114
3993506816
1523370240
8168220
1406810
7445555200
3064483328
9723895808
3558304768
412517
4686468
21369860096
9580083200
27499776000
8609616896
3873280768
51626434560
22338965504
7221404672
9431153664
162968780800
79119417344
20726509568
26671884288
50072199168
158062510080
111220
333262
1185338
54371
140115
432505
38507
497755
74706
161586
506558
5218311168
1919547264
1902927
206601
1802418176
719288576
7845837824
2708600064
404640
825010
6302086144
2515062784
28576139264
8666516480
4882113536
8348827648
3330905600
1686294784
7340357632
37028667392
14772934656
5896064000
26735075328
7810941952
34643038208
38471
1265666
167573
86918
34144
209013
12627
351389
77865
302162
120222
1609029888
629421504
1614087
257412
2316730368
978888576
311865216
129572240
206198
1099983
8622622720
3955333632
1203163392
386726304
1587363328
2422580224
1065209920
2285534208
307665760
10087410688
4796825600
8506513408
1186962176
2389958656
9951577088
38634
1265666
7017
87266
577
214979
12840
13051
79851
303627
2732
1632776320
640045952
65327
5791
2351275264
995411200
12195426
5113081
214979
31372
8751255552
4022095872
54113932
17144276
1632776192
93243792
43064256
2351275264
12195426
434018144
207172384
8751254528
54113936
93243792
434018144
27203
980216
1155412
79510
104724
189975
11402
2381166
77209
212974
300551
1156534272
439989056
8173561
795370
2151868672
883986048
2813638912
1026195072
184020
2745170
6202329088
2766832640
7972952064
2492561408
1120282368
14973819904
6442444800
2084417792
2725444864
47352786944
22924111872
6007914496
7723037696
14504460288
45868507136
1717698
169462
40840
1701043
679637
132691
12554
679637
261118192
167737
277784
257343040
263105184
169939
279342
260756320
11010746
169403
34440
10900435
11030934
156119
31667
10043416
1155664
130990
175602
425042
15870310400
1155664
3499444224
15870311424
15778997
168836
79207
15651825
12276948
132578
79708
12276948
54728136
276532
88706
53693968
1132080
240732
11176
1058498
53984824
278429
89172
53739836
386664
84051
6515954688
2181004
34789
46414
2181004
2737086
33638
87587
2646539
1265666
1490267
226911
2380896
394902
424885
10523705
1265666
1490267
2380896
10523705
965267
904996
173759
1805270
392709
340824
6083162
965267
904996
1805270
6083162
857760
11016279
170144
185100
12303
34574
82633120
852464
10948254
183958
82122872
1789809
11031154
167047
372749
41052
33880
130750440
1743649
10746656
363136
127378328
1388670
8537604
129387
373777
41137
33922
101587072
1354095
8325037
364470
99057792
111253
1490762
192654
40334
700984
2010599424
3630821888
11349530624
168651
1154287
408957
87533
1104604
3373575168
7876264448
19117826048
199624
448488
42028
79655
10002475008
3783358464
448488
10002475008
372221
1056687
34406
450797
41593
78973
22563570
368132
1045078
445845
22315692
262385808
11031325
167800
14073877
274313
34044
57936601088
256770480
10795242
13772680
56696692736
203464576
8530293
132309
14111005
281174
34704
44894101504
202970080
8509562
14076712
44784996352
53991016
10813240
156887
2654267
84135
32331
10659363840
50176504
10049275
2466741
9906269184
1494257
2211335
24342
995925
33691
77593
369265280
1494257
2211335
995925
369265280
1581483
2279347
24543
1056687
34719
79690
402688000
1578307
2274769
1054564
401879136
40509
980216
1151214
175602
91700
94442
12812
2373148
394902
423560
326163
400225
40509
8142032
980216
1151214
841449
91700
94442
2373148
4072904
326163
400225
8142032
841449
4072904
43117
980216
1155664
175602
98100
106480
13627
2381681
394902
425042
349455
448325
43117
8175100
980216
1155664
943486
98100
106480
2381681
4531949
349455
448325
8175100
943486
4531949
54466
1147477
1489001
226911
85273
108070
13126
2194146
357227
424583
398689
587710
54466
9643760
1147477
1489001
868981
85273
108070
2194146
5369640
398689
587710
9643760
868981
5369640
51915
1265666
1488211
226911
89596
99265
12494
2377639
394902
424233
419861
544951
51915
10510834
1265666
1488211
874101
89596
99265
2377639
5489746
419861
544951
10510834
874101
5489746
262438256
15863785
167026
16322646
275030
77916
79423700992
256079840
15479435
15927178
77499424768
53225424
15792516
159568
3512045
80559
73443
14169972736
49530992
14696340
3268270
13186420736
258587328
15148923
167636
15766917
279825
77468
75884756992
256721280
15039602
15653137
75337146368
12502996
762325
8174
16149717
276346
79342
3784380416
12423312
757466
16046792
3760261632
258599
1811867
147756
41060
1089385
3181663232
2888143616
17367498752
240494
2264458
191503
38880
1385138
2862883072
3466555392
21017602048
655198
67761
6348810
39543
405539
78788
648667
62570480
6285519
401496
61946712
54366544
280097
16322646
89018
3697883
79351
54026796
12241147904
16220642
3674774
12164648960
349473
81377
3267535
11988
200926
76963
339896
28812972
3177997
195420
28023430
47529812
281136
16287538
47100
3115494
79851
47529812
11244550144
16287538
3115494
11244550144
1459393
281859
16322646
12979
217519
79851
1459393
154504848
16322646
217519
154504848
14111005
278937
16271996
34428
1053480
78880
13964734
3127881216
16103325
1042559
3095458304
551819
37439
680958
31581
1050165
71697
500941
81152848
618173
953339
73670488
14111005
281859
16322646
34789
1056687
79851
14111005
3136347648
16322646
1056687
3136347648
30195
38739
980216
918847
4126
88083
80198
85935
64804
1813253
13674
237513
233944
312456
279050
6195351
31206
35008
605811
556635
116525
150041
2114961
2738723
308863
1526035
32683
53193
1241899
1482059
3871
73120
94725
91326
108042
2332241
16046
250531
347473
427443
584111
10284170
28611
50399
704568
928928
134217
262566
3110724
5747220
437076
2587129
112640
58940
1263733
1183977
12299
254681
143138
104444
79337
1813253
48157
809565
517818
478388
430632
7969176
87841
63018
1055032
679937
390979
322745
4513470
4204905
544193
3185081
225348
51101
1261069
167382
13214
391671
106430
50746
1253021
4454216704
467044
627246144
24167747584
105771
463859
623771392
24065179648
6811456512
6769259520
85083
12565081
24341
7775
2997895
19884
39061
597127
264627
1037
108075520
329399
80415
130425672
11875832
23006
9101726
2833448
18794
564372
989569280
102147112
311330
123271256
8602456
935287040
1757707
52508400
481319
160367
850181
18744
39103
121165
81284
972
564863808
6404656
1643897
516249600
49108536
450154
2164350
795132
17530
113319
4224711680
528289504
5989961
482823008
2024210
3951165952
263105184
15314733
507832
158943
15682308
599334
261267
40293
72114
1017
76892192768
2737328128
243883680
137411664
14195894
470732
123655032
14536615
555549
37350
906646388736
71274725376
2537348864
127372848
114621248
840410071040
643891
199582288
12305774
66462
1305000
197718
6064
16034469
137455
39995
1111433472
73298752
322512
60440944640
99966848
6163720
135802464
653649
99033
8031350
291895246848
556695232
36713904
30273683456
68020776
146204622848
27333
203619488
12305774
132691
58726
8816
875
16322646
281859
79851
23183872
1697639
27333
61627011072
203619488
12305774
3096112
58726
8816
16322646
3704811008
23183872
1697639
61627011072
3096112
3704810752
880347
256280272
15494548
163930
1436787
214153
12545
16322646
276316
78280
1575256448
101708840
863035
77525778432
251240448
15189843
151941600
1408532
209941
16001656
416601210880
1544278784
99708704
76001214464
148953632
408408621056
44205
36800
6585
12273
202331
79851
24764
611781504
1560834816
33038634
78875144
202331
102033264
325180800
1560834688
78875144
325180800
778
90105
2721225
3690603
34789
79276
1052556
16413471
17765788
38853932
2721225
3690603
528974048
1052556
17765788
38853932
549799488
528974048
549799488
220208
50244
1490762
12203
406178
3517494
88653
401336
77866
47105
1412962
10987591680
4419296256
1919320
369428
629704064
270892928
20681351168
7980110848
3517494
1773985
2578634752
831583232
75515183104
25023135744
10987591680
19610775552
5934980096
629704064
20681351168
90125877248
32103380992
2578634752
75515183104
19610775552
90125885440
29222
37934
980216
1143301
12068200
132691
7601
85287
114432
102243
377096
2356015
78669
22085
229587
329305
1212524800
505330624
347596
1392776
1385285120
476807680
8088002
39467253760
19239499776
46130487296
15903788032
12068200
60408
273252
869730
3892450
200968
1003612
747552640
223462256
3009700
8516737536
3872075008
11772862464
3734419456
1212524800
15903066
10244753408
5187715072
37751021568
13762923520
1385285120
234776494080
119556227072
39467257856
46130487296
2571762
9941794
6051911680
2853436928
26778114048
8183353344
747552768
86622879744
41911648256
8516737024
11772862464
390245548032
186634665984
10244751360
37751021568
234776477696
258366472192
112652853248
6051911680
26778114048
86622879744
390245548032
258366472192
225516
51105
1265666
1490762
15900001
171470
13184
392719
420505
106856
399172
2381681
79851
50671
1258697
1475476
11321351168
4550511104
468749
1904928
1893775360
642562048
10526818
51763970048
24860225536
61161684992
20772978688
15900001
105966
395067
2360270
4110237
464886
1886182
1877549440
637466688
10430004
51478261760
24713621504
60533915648
20575162368
11321351168
21730260
14042990592
7005676544
52336963584
18800562176
1893775360
311285350400
156167274496
51763970048
61161684992
4072371
21539312
13926043648
6947337216
51733622784
18614931456
1877549312
308488241152
154763264000
51478261760
60533915648
540487909376
254775148544
14042990592
52336963584
311285350400
535511302144
252446441472
13926043648
51733622784
308488241152
540487942144
535511236608
88098
42140
978536
1149777
12287374
132466
12404
257548
200192
113141
422738
2375434
79851
36172
634554
564011
4093681152
1647503360
385200
1566421
1560057600
529097472
8132736
39990181888
19205812224
47144620032
16011661312
12287374
99677
388267
1509696
4332200
332920
1430427
1289645568
402072256
5041519
26079203328
11754426368
22091339776
7541560320
4093681152
17787336
11489560576
5730828288
43160096768
15495346176
1560057600
239867133952
120335368192
39990177792
47144620032
3817619
14618402
10117668864
4839049216
36428398592
12339615744
1289645440
152380964864
76472532992
26079203328
22091337728
440269832192
209189109760
11489560576
43160092672
239867133952
388962320384
169229484032
10117667840
36428398592
152380981248
440269864960
388962320384
36877
50807
1261062
1176817
15269369
170827
7706
83766
74654
106856
231047
1809726
75955
28662
289168
278684
1479052544
639983360
466092
1087298
1794610944
640143680
7925884
49053343744
24766607360
46402957312
16544295936
15269369
61252
161119
563902
2289226
261302
763074
939015424
291335488
2514938
10396652544
4901230592
9672138752
3241019392
1479052544
12014571
13308435456
6979294208
29542014976
11260679168
1794610944
224119095296
118220521472
49053339648
46402961408
1492476
7537953
7627934720
3721110272
19556493312
6245880832
939015488
69774827520
35486015488
10396652544
9672136704
285246554112
146488983552
13308436480
29542014976
224119095296
186334707712
85358690304
7627934720
19556493312
69774827520
285246554112
186334707712
114690
1265666
1490762
258693
201804
452360
41697
2381681
78797
825765
736086
5340024832
2078548096
10526818
1522367
7695239680
3232606208
10049570816
3753525760
447099
6572761
28557496320
13061868544
36706820096
11733028864
5277918208
53364748288
23564570624
7605739520
9932690432
217167724544
107607556096
28225359872
36279906304
52744089600
214641983488
114638
56638
355738
1486722
12002
48708
201115
42169
21049
109851
627119
47279
191443
733381
2102076032
112797
592844
3328532
17563
92409
95971472
320738
832332736
3787315200
231451
91148
474332
602348736
1695042
3778933760
11835727872
1640832
188889
223830304
1177130368
6621608960
1304365
1180711424
6023251968
32884461568
2272644096
14665697280
225852
56557
1221124
1487343
13819
380707
423810
90344
97072
112359
2282150
56417
1217762
1482299
4496357376
446089
604129
10096106
96857
112093
205824096
2276169
6775569920
8132350464
953109
444992
602549
1291232768
10065596
27348717568
25446707200
5857257
950878
2228445184
2583082496
48822648832
5842007
10075843584
13148270592
223921405952
21208543232
119732510720
