79477
10845377
11535242
16175462
7699459
437547
55671136
11017
1966099
37553040
9340
1468959
173990
699171
303650
698873
540195
166124
12491
540195
1367715
93072
33767
902086
263105184
110981
201544
151305728
10981467
136824
29792
8402500
54155
18278
26
19
10832794
130973
79237
10832794
10848754
76499
61931
4959191
588
2730056
103553
11137
303044
63321
63263
11128
89321
7457
285340
85327
268003
312658
32662
37887
2719295
33305
85245
2557833
1052179
26209
68351
669086
4172
103
68351
2653
172960
34879
671521
11136
261630
42522
34844
671010
170724
42479
170552
170030
31757
10974
81337
31757
109726
20885
-50193
38507884
30509
67113
10747
53396
78
30006540
14024714
10924
3886
10284309
324617
3696147
88792
79477
22874796
165415
3696147
22874796
48829
137099
11539
69890
989951
10187
111867
839160
1275383
1052179
34789
1695530
37445
79477
256602000
1275383
1052179
1695530
256602000
363959
971357
29456
414875
37993
67064
20380008
289495
772843
342571
16075915
232446736
10934490
135609
12455406
212533
29416
51867324416
176065760
8287999
9460278
39144796160
263105184
58166
17826
74404
59298
26
303430272
4815887
19
61
-1671062
2157386
3155414
22721
1052179
33803
78058
581785280
2065873
3021911
1008833
556921856
40859
10872348
114935
5583
163
72180
10055033
34981
9316104
4794
8598970
40538
10872348
78247
5539
117
62984
9976275
18932
5127109
2658
4610315
35011
635328
857049
57966
68563
1173869
198311
278284
3752591
428334
1927864
11434868
10680474
130457
1359474
41549
78635
1594257024
11434868
10680474
1359474
1594257024
60831360
10868342
87683
4940335
44589
65245
18504239104
33922188
6121926
2789666
10193030144
9641
63407
3627086
66162
9964
194860
2054831
290722
914
3285
41258
61174
547
7713
24096
20571
214814
1330485
152616
41426
927786
166948
36684
1331632
5065529
38271
1380490
81471
3728161
75120
4350021
608439616
1184536
3181586
510520096
896541
201459
15906698
10673
135259
67155
571256
62855408
9516094
91275
35537320
3471554
1339
3959873
558
1042888
1717
3975
687600576
7744
2032
37
24442
31430
681709
849276
2611
57657
41862
55222
64447
1289329
8604
139793
116356
191688
261015
4053385
14979
17961
253615
443716
53481
73356
821044
1963333
125904
557463
438614
16483731
43746
168260
110593
352
10049
4521
41755
137
44230816
118767
438614
9951581
16483731
43746
20661
110593
352
4521
19785462
44230816
118767
9951580
20661
19785462
456109
15885448
11023308
18801
26261
21668
32
1052179
26537
5341
145494144
92694928
4156
2797027328
266865
3922
4406230
108
-151
4675
30631077888
-1209045
-289087
-9571441
-1261
13672064
11380126
8557
3095544
21499
10764
3619465
82761
4089
128
73915
9210950
3078429952
10262193
2237233
7717
2792087
2013705
9716
3272966
3697
2876435200
8288942
2771774976
2016026
1813472
2593317120
41651
2157954
3156712
2720
68695
80711
4861
1052179
10936
43599
4146541
4407401
2600
582043904
5796
69314
4191485
2713
14056
29044
993640448
-82063
-236814
25297
-7668
4480499
1796858
63014380
15274590
133072
960262
429114
38151
3880534
75754
69660
567341312
138019936
1365697
16246217728
46354784
11240103
51175568
742793
340629
2882216
117449031680
408588320
99208176
11825652736
37018304
86017974272
460616
263105184
15606967
142950
771449
112039
9187
16008828
243218
70457
528058464
36554592
382466
76615712768
215724896
12814394
53368416
644439
94858
13173300
129943977984
428202496
29719522
62576828416
43405400
106595966976
32081
90052
11039
41949
446985
79477
32838
-386
1014673
1824
173300
446985
47981
1664977
1014673
463027
1744904
28021
9355
1023
3446
44803
68582
3191
8527
134563
475
16441
34421
4999
123494
104486
22095
80006
588
69149
54807156
3639501
213918
66570
15966382
-786
1436658
82757
34362500
2320410
11536211968
10121602
888923
52444
326128064
7041696768
203761824
588
89516
2737086
3728360
34789
79477
1052179
-625
62398
83695
2737086
3728360
528487040
1052179
62398
83695
15261506
528487040
15261506
588
86718
14391
3723250
177
77623
5525
-653
328
83641
13708
3549917
2773044
5268
312
79752
80045
2637831
76195
10902
18370260
2724341
3689881
80306
5149437
5160062
57714
1046756
31419
71875
496937
-38126
210373
18469
5251884032
4651382784
16375036
522027328
2429227
3292852
1296337152
4589885
4601380
934347
272225664
57677696
444876
44044616
-37164
371612
1609758015488
4679242752
4143163648
465107520
1154921216
-28456968192
240022192
388619648
56352572
1434460225536
-25062660096
3268
303342
114653
141019
10885
3469066
3996927
67759
1051421
25705
66192
97703
149545
59451
2549
16472414
16656692
203707
6982850
73517
98251
696022784
2178650
2544134
667907
50197124
16256850
60602
16158466
75936
73068
2272073728
10323300
10226954
4366707
433371904
-15583393792
31491588
17755986
7555376
1425921536
-9737953280
174057
32174
857049
10974
327644
3728360
82175
314143
74770
32174
857049
8478603
128738
1243157
314143
216060
19837
23097944
146410
3285420
1243157
1513061
-48864
55034476
-608502
7426218
48849312
-2108432
395867
20346936
228680576
3164399
2059378
46044572
50842580
195947328
26883
27954
669187
2944
31197
132144
10410
146415
67432
8792
85574
332002
8908
565377
45874
51828
2560
578642
-7150
100358
176843
390087
7276
2278700
-149957
255196
4692865
-504385
77342
453126
5758826
192576
310002
2027227
4108521
2228551
1351
2061
52184
3149
43769
125080
11507
314143
79477
603
8020
14089
1445
95256
93979
51337
-268
887954
14043
125080
27773
27115
-818
-98582
-59234
14089
10434809
-1159880
116630
887954
2584450
-360441
36308
239660
11744680
2584452
67432
20672
3220
9583
764
439349
36792
1388
70981
20928
1536
805190
-19240
4035
1385
153008
9670
14518
131
382925
3960
1182462
26532
45503
1826
699641
155153
-17385
338761
12885
115641
-12539
877442
29066
177214
79368
9400
34264
661460
10963028
167865
1071
21295
59303
34667
3629
54136
618748
2426
202123
3005092
74916
43701784
445888
10963028
6190
22406
312357
4944
3755714
40621
618748
16941494
374477
3005092
43701784
1823957
22188
271908
3755714
16941494
1823957
16869
25410
124577
7676970
93061
2680
11688
13694
25837
6318
21154
972483
5964
34128
2002774
32293
8457258
12350
4808789
3388
8617
522489
6450
1363328
11454
642370
2645928
83676
1223645
5495378
616921
17949
259871
876911
1609982
355683
170169
34911
200538
43572
166588
10947
86939
16759
136
34244
196423
39041
102520
57129
12240
72716
49642
127017
43568
16441
55991
12062
71530
48684
124877
39009
18627
119662
12242
49703
18268
117157
12036
48742
18812
18449
4436
22669
74395
7656515
76935
628
1985
7720
22739
1485
3629
255399
1234
19164
1853781
20450
3960263
38046
3408634
500
1288
116460
1132
217707
3684
123867
1289850
29238
786373
1631931
83952
1248
41751
96837
494640
27869
174057
32174
699171
854664
15900001
10974
303761
326732
69784
313296
1326791
32174
699171
854664
16573676
229957
1239809
3377868
4190562
72584472
80646880
69784
313296
1326791
2508832
229957
1239809
3377868
4190562
72584472
84151208
10110694
25052864
143169392
406766784
2508832
10110694
25052864
143169408
406766784
608487744
608487168
67074
21470
534105
638966
10872348
9893
212952
150910
63994
287064
1327094
21608
380329
303086
6394506
153359
834150
1777038
3073673
49029584
53951796
62002
284637
917476
2289424
151178
812980
1694405
2120940
36750076
28154876
6623952
14904705
104434384
260869808
2148311
6429463
15418096
118029312
180234464
378796704
643845248
27800
32009
696956
673818
15656974
3425
66747
32110
69784
166884
965094
10272
161921
88410
2961012
228750
647618
3328317
3021934
71474120
62506512
21885
53698
193981
1300621
73758
210532
1013606
622314
17406884
8971898
5284272
24334310
73865264
298019200
405653
1626489
8043072
26927956
60490104
323337536
114079736
174057
32174
209116
95272
15900001
10974
92161
33551
18599
130206
56450
32174
209116
95272
16573676
60967
529372
3377868
180133
21617940
9705046
18599
130206
56450
249350
60967
529372
3377868
180133
21617936
10928241
885418
7056801
61176088
13065811
249350
885418
7056801
61176104
13065811
57947632
57947624
134667
23506
2505
640591
10600779
10966
1036
327352
460
314143
8767
23488
2502
639926
10858240
1113
908566
2035971
25857
187867
52896880
459
313912
8760
38407
1112
907906
2034266
25830
187753
56079528
81862
8653
99144992
712701
38376
81797
8641
99088176
712119
1974160
1985464
88117
32082
654373
5345
15881392
10734
198698
1445
66238
477
12944
31898
470064
4038
9558337
217722
1601
3373223
37225
67843680
421815
63783
456
10165
4171
213226
1553
3111519
30941
51171932
383973
13296
23633306
161820
3033031
4085
13216
23258950
207747
2499922
1723176
1354314
87162
699171
857049
209484
148813
430086
40426
1330485
79477
495882
405755
961871
-2908
4202223
904132
2270786
161327
2815334
35461
430086
2876718
9105980
721262
9118548
-74174
961871
17992620
1297177
2270786
2815334
67320544
6170329
9105985
8549690
17992622
67320544
64848
531477
638532
207078
147077
425263
33192
1330485
64417
367201
293924
765300
-13921
3071894
892732
2236002
111333
2774288
-16436
256946
2054559
6320635
661942
8660524
145890
455323
17617028
781117
1544932
1961605
37955296
8183276
3671260
5934884
11489403
26778652
88045
209116
676959
61246
101659
434493
27812
282563
51057
143292
273780
970424
-10852
883582
163760
597563
28032
1742690
-86223
134586
505976
2501256
195614
8327030
-280549
308713
2426138
193545
255538
710133
24015372
1466886
864563
3653894
864641
7445611
28516
699171
95272
68234
10628
137075
11991
211415
73435
166710
30698
352780
10408
690935
68579
809149
67128
280884
3841
121457
234420
2804834
216762
1150439
19629
314898
2019254
-7890
734322
259048
4604203
467217
2461806
577948
1797092
3902414
28708
699171
3398
68704
194
140023
12859
5276
79477
167705
545
353972
10242
16664
1211
821649
73887
3966
63
140023
3954
2876252
222863
13947
-283
353971
29764
1541
821649
3966
111645
7031
2876252
13593
29764
111645
21332
534105
640433
67404
48114
137013
9972
1330181
61253
124275
99411
290150
-915
3080844
300020
806948
47905
983662
-844
70915
710254
1949698
198151
3160168
-67906
142748
7411003
31617
464823
628897
14788328
2048893
988372
2112236
3202337
10229566
1763219
153431
39165
1594856
448802
130988
12729
448802
260957504
133764
235908
195545024
263105184
143372
246867
212148448
10962498
166915
34550
10961992
11012093
161236
33083
10664645
640591
104990
134787
327644
-536585
640591
25160
-536585
15780863
143533
74336
12969082
10832794
130973
79237
10832794
54623140
213912
68867
34246720
791245
212779
10478
632184
53639496
258709
83377
48536504
294589
46947
167795
2172119
34789
45477
2172119
2737086
29140
75701
2115492
699171
856588
174057
1329777
303761
327468
4235124
699171
856588
1329777
4235124
528371
505611
134633
958538
300855
261830
2223705
528371
505611
958538
2223705
540001
11012436
157460
109732
11997
32967
36688508
502046
10187928
101769
33865728
1815058
11023440
143641
366706
38503
30389
127503416
1514499
9060940
303159
104238448
1452777
7699459
82726
367409
34973
23974
96569760
804550
3850940
191914
46840808
88217
857049
150618
40228
411204
-531
36643
294759
129483
638352
316346
86680
615021
102870
154986
80134
153865
442897
41702
79219
2925744
37582
442897
2925744
366220
1052179
29537
445463
38533
72526
22375424
281668
806300
361549
16949800
260078400
11031325
119036
13926394
210588
26193
56781557760
162731936
6908531
8736047
35294986240
177082656
7674270
125399
14111005
269804
33629
38782214144
167340832
7253477
13343000
36612894720
61924572
10792619
87932
3471554
56336
20800
13768355840
26062918
4502463
1458397
5649370112
2053214
3061741
23589
984449
33690
77169
527987680
2053214
3061741
984449
527987680
2157386
3155414
22721
1052179
33803
78058
581785280
2065873
3021911
1008833
556921792
22308
534105
638306
134787
55602
58204
9843
1325899
303761
326468
137229
169836
22308
3082633
534105
638306
410379
55602
58204
1325899
1316628
137229
169836
3082633
410379
1316628
23874
534105
640591
134787
59497
64043
10466
1330485
303761
327644
147821
186384
23874
3093276
534105
640591
453043
59497
64043
1330485
1448203
147821
186384
3093276
453043
1448203
32236
631107
855973
174057
51476
64919
10031
1237548
273495
327230
178630
266325
32236
3921972
631107
855973
428626
51476
64919
1237548
1938914
178630
266325
3921972
428626
1938914
30649
699171
854664
174057
54492
60851
9551
1326791
303761
326732
189329
250828
30649
4225619
699171
854664
429411
54492
60851
1326791
1959530
189329
250828
4225619
429411
1959530
261942752
15836072
116189
16322646
210795
67747
77701242880
159190560
9675771
10061768
46539853824
61254124
15723334
133741
3821367
70578
68277
16130488320
46152096
11841736
2895590
12063485952
258049568
15202742
145982
15850263
253737
73376
74584596480
218683472
12906062
13492504
62933778432
17969572
1085414
7008
15978516
249019
75451
5650506752
15424019
932234
13772150
4833219072
217332
961744
104656
34908
617324
114470
-58706
686691
201953
1266421
150593
34836
881986
118662
-1756
972144
717270
57399
5253847
36906
419923
72958
585327
64365492
4129436
349024
49721088
54227628
264751
16316054
84136
3688967
76649
50261172
11748936704
15133520
3423817
10851387392
278271
71069
3636497
11628
138070
70808
222265
15016554
2818911
112244
11414899
47244032
276072
16197041
46280
3115494
79477
47244032
10781405184
16197041
3115494
10781405184
961567
278819
16322646
12919
140892
79440
961480
67260136
16322422
140875
67264936
14073583
242262
16274504
29944
1046364
72982
11042628
3033649152
12824076
826766
2354342912
1139786
17414
1365650
11976
1040478
44816
55651
160636400
120540
64002
4862670
14111005
278903
16322646
34789
1052179
79477
14111005
3048997120
16322646
1052179
3048997120
21887
21444
534105
506499
2865
69160
33279
52304
36317
965094
6914
127514
67312
132282
108224
2228024
16684
11875
201762
250615
43636
34920
470365
798591
83018
272159
24442
31430
681709
849276
2611
57657
41862
55222
64447
1289329
8604
139793
116031
191688
270109
4021827
14979
17961
253615
443716
53481
73985
821695
1995576
125904
564899
88649
34843
696264
675029
10885
214011
102818
63396
42522
965094
34203
505066
275740
215301
174142
3012216
62306
42587
607845
295791
213141
169217
1902174
1303921
292996
1296322
172806
29354
691265
113359
10033
299639
63247
29211
687671
198962
207966
60267
327301
62933
206917
59616
323864
54925
49362
69410
18037982
3683
6738
2960997
1901
36888
73923
240057
161
115223992
33226
57825
20180530
14955218
3052
987068
2498064
1585
61366
143157792
94806608
27442
16717682
819642
118666816
1800287
60272496
55378
57382
914424
1827
28818
16800
42311
79
542383872
634867
406067
69176840
11077964
8682
258126
247296
350
2767
550112320
61334492
91003
10022192
37988
84136728
263105184
15428858
58498
111474
15797966
74830
201239
5403
63163
131
75875721216
305163936
152250368
14550594
8979577
33890
15749143
9280628
43453
3191
95369379840
43277844480
175329824
8385480
8942156
55150907392
424455
172190816
10872348
14404
869366
130983
3674
15896843
46362
21825
433372960
31342844
15835
49907408896
2310028
142406
61368896
41602
10138
207891
102890414080
-18979856
-998118
-421448288
-1803632
615576512
30186
177612432
10872348
130988
63747
9274
864
16322646
278903
79477
31821890
2217635
30186
51438456832
177612432
10872348
4426432
63747
9274
16322646
7549672448
31821890
2217635
51438452736
4426432
7549672960
545774
256567904
15506192
115555
953817
139600
11181
16322646
213900
68341
643141440
44273980
356555
76155715584
160536032
9750260
66641636
638264
98294
10348950
160623624192
385477696
26839238
47020728320
40248048
100933451776
25333
27405
2665
12306
133800
79477
8049
9107
335852
2687
47474
133800
10658
363949
335852
96445
400354
587
89043
2724341
3681300
34789
78834
1044424
-655
62635
83268
2724341
3681300
520171040
1044424
62635
83268
15046362
520171040
15046362
169489
28930
857049
9660
319042
3536100
87408
286847
77329
28289
832267
8021983
140492
1157016
280266
168755
11617
21820400
157281
3536100
1130916
1499290
-24694
68066920
297588
8021983
42242572
-1875371
359584
21820400
191307360
-5161677
1839099
68066920
50594384
191307360
21720
20486
534105
632794
10680634
130988
3091
68641
48393
61046
270706
1314135
78178
6895
126427
99383
2034686
35009
146163
776281
1676898
-60589
3041052
48177308
356305
52331656
132507
10680634
19816
90594
301500
2159646
48834
258230
545831
-30118
711632
11884922
113580
9188489
120429
2034686
6433170
13689868
-274983
95808688
-2844799
1676897
252874912
2084375
48177308
52331652
690835
2146485
4740669
-185929
33776612
62577
545831
58335980
1435954
11884922
9188489
367329952
-63816788
13689867
95808752
252874912
175245216
-26391688
4740669
33776612
58335972
367330112
175245232
171875
29396
699171
857049
15900001
168260
9994
300511
323424
63994
287792
1330485
79477
29144
691760
846300
16377155
134123
210760
1142457
2991641
-74895
4174920
72584480
446470
80871776
401330
15900001
63436
285362
1316124
2295233
208947
1132364
2966114
-74638
4130115
71830440
445130
79859984
399294
16377155
9357096
22632006
-391827
140607616
-5087674
2991641
407899456
3486259
72584480
80871768
2274632
9272315
22436730
-392332
139636864
-5046375
2966114
403640864
3471139
71830432
79859984
507213120
25767528
22632000
140607616
407899456
507343072
24744860
22436730
139636896
403640864
507213120
507343072
68302
22877
532843
638709
10865555
130971
10694
216364
153705
67826
304772
1325019
79477
23506
386760
308047
6508727
107253
162451
890397
1996372
-68768
3065482
48902656
354896
53890520
133326
10865555
66971
309438
933823
2439400
163646
889572
1869792
-85398
2148649
37349004
408779
29232232
294614
6508727
7309666
15715090
-297714
97433024
-4471633
1996372
260366112
2099901
48902648
53890512
2345187
7251468
16385487
-539608
130797776
375093
1869792
183310400
3425441
37349004
29232232
358571712
-81115408
15715091
97433024
260366112
705100352
-87284912
16385487
130797784
183310384
358571712
705100352
28696
29114
694164
670782
15114737
166929
3265
69126
33263
63994
152766
965094
75550
9788
167784
91027
2944190
39741
208708
601442
2916417
-74099
2993542
69001632
440816
60808884
237132
15114737
20953
51105
201684
1186156
70184
196607
963285
-34435
646226
17392804
141833
8756250
144688
2944190
4858971
22006300
-389801
71171888
-2655027
2916417
290732640
1787585
69001640
60808884
385001
1619824
7645355
-258827
26350028
-16318
963285
61654264
1367063
17392804
8756250
284985920
11913488
22006298
71171888
290732576
108261288
-8368577
7645355
26350028
61654256
284985920
108261336
90661
699171
857049
217827
154792
446048
38506
1330485
72064
516753
422738
1008735
1535
4174920
942127
2372416
137492
2944245
15871
358124
2995291
9331211
740043
12399068
162219
815982
19008244
1175001
2048329
2546902
70746016
6798902
7537682
9498320
18755400
63411928
90194
33430
162799
854767
10527
47346
153608
41672
13100
65496
295143
33252
110785
419490
-551
44738
272975
951169
13056
66124
14990
188884
44098
37631
92009
44699
268325
39916
596087
86244
300269
422897
94304
28946
416820
105926
418694
69153
2238502
1356939
272940
-756772
172094
33352
671323
853392
10547
289869
324879
88768
58619
66463
1261787
33084
665811
846218
145101
200038
275295
3951002
58150
65931
15368
1251419
284904
170205
447912
198421
273064
-21896
3918086
648238
299971
2004477
444275
153898
445008
-873411
1988068
1152967
2064138
24614292
510289
3740009
