55573
5802220
5432466
5302240
4747804
200510
21604826
11102
520824160
21133224
9480
444724800
141234
527510
303187
527510
342035
102054
58236
13282683
928865
51510
34384
700003
94619024
47877
120262
1699787
4747804
58403
22559
319078
23908
19298
5315
3337
5799765
102054
55573
2035535
5805491
44745
44595
174602
596
1495046
12142710
11102
302773
65201
65201
11102
58192
142202304
252372
54001
709403264
319090
31331
51496872
2607747
32268
55456
1299807
1019168
20409
48128
81953
1019168
20409
48128
81953
141170
23639
491417
11102
261972
48077
23639
491417
118770
48077
118770
141286
21302
11102
51810
21302
652343872
148832576
407783040
21680010
18818
42540
5925
30132
14919
10750403
211235
79591
33747
1463437
332512
2210645
58236
55573
7987486208
1714642944
765537
6001284096
55198
2175075
39573
48007
7858746368
1646214016
252887
5231090688
1217043
1019168
34032
2210645
58236
55573
289963584
1432568
401292
765537
82633296
356760
944851
28051
2062444
48820
50588
275002848
965407
284388
536285
54167588
83810776
4726858
61132
7702875
146184
23151
12299978752
7737766
700619
1231342
1246476544
94619024
25006
18497
40751
58993
5048
65071068
138367
3217
10038
31878
4747804
5817492
98941
1019168
32972
54780
1025237248
4335130
1943169
383062
284314112
25195
5817492
87033
1019168
29347
50806
1025237248
3433499
1564906
314267
221573376
24963
5817492
46127
1019168
16638
45554
1025237248
116832
182257
50961
960649
23639
481039
616924
59501
74276
1049243
141521
182958
2258433
342760
895288
5398164
5758297
102054
9216013
213466
55573
12719602688
54523312
2035535
3461755
3785397248
36273776
5817492
48174
9303683
121381
45942
12878743552
1614025
201753
416906
22623988
10878
33337
2210645
79851
147524704
393289856
2210645
393289856
1004
30589
2203241
79571
137742912
391910112
2203241
391910112
167551
1049243
328064
58236
1049243
710265600
1714642944
11555154944
31215608
155519
9303683
41821
2210645
79851
3787285
3832963584
9303683
2210645
3832963584
725505
126903
9303683
34044
2210645
79851
925127
3832963584
9303683
2210645
3832963584
7737017
3802
9223128
576
1010189
79095
9209
1530049024
9223128
1010189
1530049280
18540
21207
516822
615991
9802
296815
327569
64016
74160
1047646
21207
516822
615991
151604
182673
2254993
64016
74160
1047646
342226
151604
182673
2254993
893897
342226
893897
281274
5434568
18828
102054
2470317
5928
58236
30682
213466
34032
2146696192
10755910
13282683
48993560
54523312
4551650
13929122
18863376
1432568
7447257
40316432384
32181442560
2578411008
11783301120
3346956544
9646442020864
230899
5817492
4747804
19331
9303683
7737017
61902
415001
23492
5329
12878743552
12354359296
143815
312450208
36468
3341
512748256
101751
10444
4172
990688247808
385633
32916
8172
23582
111880
21698076
18828
5695249
82507
5928
2164505
48907
998999
28657
52046
10755910
2800418048
7923865
992856640
2752604
1293845
280357888
876163
498440
269443
741013651456
1489014144
462918464
173391872
48030788
110786617344
201505
4747804
5817492
31079
1495046
2210645
24442
1019168
10805
36361
2712241664
2881165056
81811
1025237248
28908
84470
289963584
14698
48774
21389
772146069504
197407
325888
141215
56191
1276693
986950
21611416
5626161
57305
8062360
2134320
37130
8951878
138776
49456
13422204928
2816593920
603053
12526138368
2702089
281811
3731506432
1345556
132517
565862
9162559848448
193186624
8088144
41786264
14453846
4620318208
230146
94619024
5710480
63609
32639300
2168926
39912
9123078
147646
48290
55900471296
2830452736
3120309
12643325952
12938477
623751
3762852352
4785088
257243
1129329
9168552460288
6600569856
166033648
790194368
230180816
487570833408
21302
68202
9915
58236
2210645
79851
19704
664730816
3597835776
151658240
393289856
2210645
415512832
822800128
3597835776
393289856
822800128
18574
5575
1056
46110
2210645
79851
2011
631852032
3597835776
144157824
393289856
2210645
394983744
822800192
3597835776
393289856
822800128
644
35516
32639300
2157763
281859
77851
9096180
13422080
99443120
27253524
32639300
2157763
3717225472
9096180
99443120
27253522
3270200576
3717225472
3270200832
644
58236
1495046
2210645
34789
79851
1019168
13677096
12142710
27953032
1495046
2210645
289963584
1019168
12142710
27953030
365790944
289963584
365790944
644
51153
7861
2207604
182
79736
1017838
13522599
63847
27912810
7861
2207604
289330560
1017838
63847
27912808
365312320
289330560
365312320
11102
11186370
1495046
2198720
51255
7737017
9256891
188315
1013955
30023
50693
327108800
171382336
391067456
137738336
3512408320
3806864640
15278684
287480960
1162071
630747
1537020288
6030812
2847877
333291
38588522496
46185439232
975629696
5102142464
155555200
262730528
972778242048
2676741632
877006336
66172232
394365152
7708346941440
31130050560
14732725248
1722891264
205021544448
1998804746240
10186
8062360
1493691
2210645
34329
7729982
9303683
128262
1019168
19927
46526
445823776
171224704
393289856
140965280
3509234176
3832963584
1427240
289963584
115741
127122
1547784832
572147
543646
81295
38553432064
46418259968
664763008
5128186368
103333624
241152080
982376644608
84804048
32478854
2436438
13998879
7762004148224
2955509760
2814075392
421252160
5696259072
72193441792
141286
21302
616924
11102
328064
2210645
43398
212684
50981
21302
616924
3597836032
643140352
439163
212684
393289856
146732352
7987486208
1658957312
302432
439163
822800192
402044224
24046149632
11745050624
2490750464
6101953536
2989924864
264233664
5528269824
12644278272
6194496512
525365632
15346907136
3901679104
8088388096
20588
18763
490964
9802
261731
2210645
45418
117949
47945
18763
490964
3597836032
618452608
244833
117949
393289856
141100752
7987486208
1595280640
472885
244833
822800128
386606144
24046149632
11294083072
2347825664
6101953536
2875133440
248490528
5211415552
12644278272
5956719104
494038848
14433732608
3668608000
7601954816
19391
21302
616924
11102
328064
2210645
58236
212684
55573
21302
616924
3597836032
664730816
439163
212684
393289856
151658240
7987486208
1714642944
765537
439163
822800192
415512832
24046149632
12138492928
2703531008
6101953536
3090020864
288017216
6001284096
12644278272
6401974272
572638464
16731500544
4251200000
8808797184
67033
18780
3101
9810
1649
2210645
39976
1069
47984
18780
3101
3597836032
594652928
2207
1069
393289856
135669984
7987486208
1533883904
253192
2207
822800128
371730080
24046149632
10859546624
2340196864
6101954048
2764490752
248697024
5194001408
12644278272
5727312896
494476608
14444424192
3672449024
7613200896
5774
23173
500637
4727046
102054
10894
287305
62003
34032
23173
500637
1044945920
1215921920
147006
367134208
267738896
1181438848
1334454272
4551650
62003
147006
367134208
267738912
1181438976
1334454272
1147101440
1625152640
1831164032
397585536
1160226304
1625152768
1831164032
397585536
1160226432
1595975296
1595975424
16909
23639
123200
4747804
51599
11102
69426
13837
19704
23639
123200
1049581312
1171672832
33306
368762752
257979856
1186680064
1285817344
296948
13837
33306
368762752
257979856
1186680064
1285817344
706573568
1632362368
1764399104
229942256
660975360
1632362368
1764398848
229942256
660975360
907414144
907414208
138607
23639
151055
18789
101210
11102
88108
17531
33717
23639
151055
4153701
1174493952
40956
1459372
258618144
4696267
1288994304
4551004
17531
40956
1459372
258618160
4696267
1288994304
1134341632
6460047
1768784640
393910272
1149719168
6460047
1768784640
393910240
1149719040
1581551488
1581551488
4336
21378
74749
4747804
45380
10006
42921
8758
17073
21378
74749
1049581376
1181222400
20862
368762752
260088448
1186680064
1296322816
108858
8758
20862
368762752
260088448
1186680064
1296322816
627768640
1632362368
1778813696
199235568
574407360
1632362368
1778813696
199235600
574407360
788388992
788388992
141286
21302
527510
615205
5817492
11102
303187
327152
63339
212102
1046330
21302
527510
615205
402577280
132364
437960
570362880
2252151
2671497472
6449314304
63339
212102
1046330
952766
132364
437960
570362880
2252151
2671497472
6449314816
2040383
3443276800
11689410560
43486216192
952766
2040383
3443277056
11689410560
43486216192
52139888640
52139884544
66735
19503
527510
615359
5817492
10186
303187
327233
63339
212139
1046578
19503
527510
615359
402577280
132364
438037
570362880
2252686
2671497472
6449314304
63339
212139
1046578
952931
132364
438037
570362880
2252686
2671497472
6449314816
2040743
3443276800
11689410560
43486216192
952931
2040743
3443276800
11689410560
43486216192
52139888640
52139888640
20260
21302
527510
488574
5745259
11102
303187
260457
63339
117375
788019
21302
527510
488574
397797568
132364
243642
563591872
1702334
2639779072
6372752896
63339
117375
788019
523789
132364
243642
563591936
1702334
2639779072
6372752896
1142398
3402255104
11550542848
42969972736
523789
1142398
3402255104
11550541824
42969972736
51518955520
51518955520
141286
21302
158271
63665
5817492
11102
91976
33691
17452
83067
146145
21302
158271
63665
402577280
36432
169593
570362880
299562
2671497472
6449314304
17452
83067
146145
373232
36432
169593
570362880
299562
2671497472
6449314304
776841
3443276800
11689410560
43486216192
373232
776841
3443277056
11689410560
43486216192
52139884544
52139888640
141165
21302
2256
616924
5663725
11102
1043
328064
260
212684
1049243
21302
2256
616924
391534656
638
439163
554713920
2258433
2598225152
6272401408
260
212684
1049243
955379
638
439163
554713984
2258433
2598225152
6272400384
2045990
3348670720
11367845888
42293288960
955379
2045990
3348670720
11367845888
42293297152
50707132416
50707132416
66559
21302
493113
3698
5817492
11102
283759
2166
59507
415
8558
21302
493113
3698
402577280
123839
851
570362880
17827
2671497472
6449314816
59507
415
8558
2128
123839
851
570362880
17827
2671497472
6449314304
4621
3443277056
11689410560
43486216192
2128
4621
3443277056
11689410560
43486216192
52139888640
52139888640
65669
527510
616924
303187
328064
2210645
58236
1049243
55573
527510
616924
3597835776
664730752
2258433
1049243
1414479104
710265600
7987486208
1714642944
765537
2258433
9011223552
4524323328
24046149632
12138493952
2703530752
23010779136
11555154944
981406080
6001284096
80134111232
40454914048
6252071936
16731500544
15965398016
57904881664
65004
527510
616924
303187
328064
2210645
32318
1049243
46244
527510
616924
3597835776
647706816
2258433
1049243
1414479104
692074048
7987486208
1670744576
91461
2258433
9011222528
4408424448
24046149632
11828908032
2280724224
23010777088
11259277312
814846720
5062127616
80134111232
39423352832
5190986752
13919950848
13256290304
48180506624
66340
158271
491686
91976
262115
2210645
27405
793037
40318
158271
491686
3597836032
621783936
1713175
793037
1414479104
664376192
7987486208
1603881344
62792
1713175
9011223552
4231968256
24046149632
11356364800
2008481280
23010777088
10808692736
710141120
4458307584
80134111232
37848010752
4523873792
12136287232
11553234944
42007855104
21415
527510
63665
303187
33691
2180921
51852
146145
52387
527510
63665
3553640704
650086656
299562
146145
1397119744
694618496
7889335296
1676874368
605691
299562
8900639744
4424645120
23750729728
11871463424
2556464384
22728462336
11300620288
924730432
5674661888
79149441024
39564902400
5891009024
15771788288
15043554304
54584418304
21633
527510
2446
303187
1300
2210645
58236
4160
55573
527510
2446
3597836032
664730752
8956
4160
1414479104
710265600
7987486208
1714642944
765537
8956
9011222528
4524323328
24046149632
12138492928
2703531008
23010779136
11555154944
981406080
6001284096
80134111232
40454914048
6252071936
16731500544
15965398016
57904881664
20273
527510
616770
303187
327982
2205674
30907
1048995
45008
527510
616770
3589363712
643812224
2257897
1048995
1411149184
687912576
7968682496
1660702592
81004
2257897
8990009344
4381911040
23989526528
11757873152
2224562176
22956593152
11191599104
793029696
4937582592
79945498624
39186554880
5051971072
13547759616
12901541888
46893383680
962739
91891
53281
10863308
359748
102054
58236
13282683
94619024
57221
138032
3034099
94619024
61990
147186
5259369
4734801
101663
33890
4551273
4739482
97276
32340
4382055
616924
57031
141286
336083
3180136448
657342
460557984
6268692480
5817492
67052
51204
639175
5799765
102054
55573
2035535
31103040
132290
35515
1434693
688755
173918
47486
12383691
30897996
170888
46207
7688387
252203
28957
675209664
2082549
34032
58236
1432568
2624940
27524
48034
935394
527510
616591
141286
1048683
260342
336083
2257224
467129
657342
1048520
2334600
522225
491686
141286
793037
260342
336083
1713175
467129
657342
1048520
2334600
353146
4747804
94604
1495046
54626
31736
2712241664
11486144
3944523
1242804
2215200256
990187
4743488
85143
1493691
49918
28826
2709793280
9349929
3223913
1017881
1782273408
991838
4747804
47233
1495046
32377
17834
2712241664
302759
132534
53929
2956983
66361
616924
328064
57471
616924
649914240
1676423296
11867889664
135749
616591
327887
58236
616591
664730752
1714642944
12138492928
137901
2203823
58236
55573
7961680896
1714642944
765537
6001284096
356682
1019168
23169
2210645
39252
50157
289963584
243930
119942
196634
9285383
93458416
4747804
53220
7737017
132201
20381
12354359296
3039431
300753
573636
280923712
94619024
4747804
85246
7737017
186062
30084
12354359296
32033818
2720643
4494069
6620302336
21611416
4747804
42707
7737017
109742
15198
12354359296
1158193
96494
194174
11229634
4543303
5655249
102054
992399
34032
55573
982260992
4551650
2035535
401292
298872448
4747804
5817492
98941
1019168
32972
54780
1025237248
4335130
1943169
383062
284314112
20911
527510
614711
141286
65282
74024
12469
1045561
260342
336083
154405
182336
27886
2250523
467129
657342
341601
52859
68675
1048520
892253
128209
171068
2334600
311726
834509
22186
527510
616924
141286
65282
74276
12469
1049243
260342
336083
154405
182958
27886
2258433
467129
657342
342760
52859
68675
1048520
895288
128209
171068
2334600
311726
834509
21768
470904
616145
141286
58309
74187
12469
1047948
260342
336083
136507
182739
27886
2255652
467129
657342
342353
52859
68675
1048520
894222
128209
171068
2334600
311726
834509
20772
527510
615205
141286
65282
74070
12469
1046330
260342
336083
154405
182451
27886
2252151
467129
657342
341812
52859
68675
1048520
892809
128209
171068
2334600
311726
834509
94619024
5817492
51626
9303683
129142
47694
12878743552
1868481
229266
476807
25343980
20520344
5747719
55920
9200346
134118
47188
12691163136
3423295
304027
600655
99804736
94619024
5670671
69262
9033718
159876
51641
12608164864
14335162
689732
1248163
875601152
92561616
5817492
66744
9303683
155629
51513
12878743552
9324642
529388
986856
495616384
169509
793037
262115
32690
793037
691192704
1668618368
11244947456
166641
1038305
324656
34363
1038305
661179200
1596154112
10756642816
1897315
142710
9256198
38175
2200343
79511
1510511
3819269632
9256198
2200343
3819269376
30897996
200269
9303683
54627
2210645
79851
16449948
3832963584
9303683
2210645
3832963584
719863
137528
9201466
36844
2186754
79007
1432630
3791299584
9201466
2186754
3791299584
27233108
213466
9303683
58236
2210645
79851
18863376
3832963584
9303683
2210645
3832963584
755917
213399
9303683
58216
2210645
79851
18863272
3832963584
9303683
2210645
3832963584
7715835
143938
9276170
23035
1016086
79654
733205
1544113280
9276170
1016086
1544113280
7733095
90806
9206779
11726
1008372
78917
93460
1525491840
9206779
1008372
1525491840
7737017
213466
9303683
34032
1019168
79851
7447257
1547784832
9303683
1019168
1547784832
21723
20025
527510
491686
9187
303187
262115
65282
48104
793037
20025
527510
491686
154405
118834
1713175
65282
48104
793037
219842
154405
118834
1713175
582586
219842
582586
18540
21207
516822
615991
9802
296815
327569
64016
74160
1047646
21207
516822
615991
151604
182673
2254993
64016
74160
1047646
342226
151604
182673
2254993
893897
342226
893897
67036
23639
527510
491686
11102
303187
262115
65282
48104
793037
23639
527510
491686
154405
118834
1713175
65282
48104
793037
219842
154405
118834
1713175
582586
219842
582586
140654
19503
522915
50331
10186
300454
62681
19503
522915
1190377984
131043
278961984
1306355840
62681
131043
278961984
1306355840
1700104704
1700104704
969346
93292864
25239
73812
32195500
7947
44363
41130
163378
26079
54896312320
14418375
5876349
65676220
24236752
2066506
18672088
8594939
663073
3411679
54044475392
13422222336
1070366208
4894496768
1393129472
3986430885888
979862
20969196
23814
37883
7795312
7499
27845
38808
101628
13753
13094596608
13604774
160672
61969512
770842
58056
17618400
551556
26392
139137
50995179520
27470220
929269
5846372
5178847
381837568
94619024
5654417
25172
48804
9003831
41020
121661
2200
45552
18219
12578209792
65501456
1723316
1656575
211738
174660
2718530
439500
337030
64311
5252520448
23868308
21854614
1497274
2663517
362977216
344233
91929104
5817492
13390
31724544
2210645
11932
9303683
41090
16583
53938012160
2881165056
31280
12878743552
134952
33128
3832963584
90536
20744
83862
9336726224896
990639
118090
535837
253469
5519871
19599
94619024
5817492
102054
32639300
2210645
58236
9303683
213466
55573
55900471296
2881165056
13282683
12878743552
54523312
2035535
3832963584
18863376
765537
3461755
9336727273472
32181442560
797201152
3785397248
1094100224
2409985736704
368218
94619024
5817492
53251
32639300
2210645
35512
9303683
132280
48120
55900467200
2881165056
706327
12878743552
3040010
273029
3832963584
1434658
129052
551343
9336727273472
805863040
22222024
107104608
32500734
54778183680
16800
20610
4133
58236
2210645
79851
8006
664730752
3597836032
151658240
393289856
2210645
415512832
822800192
3597835776
393289856
822800192
643
58236
1495046
2193590
34789
79205
1011713
13677096
12142710
27727440
1495046
2193590
286413024
1011713
12142710
27727438
363106432
286413024
363106464
137663
19199
616924
9994
328064
2149395
58236
212684
55573
19199
616924
3500556288
664730816
439163
212684
382652224
151658240
7771507200
1714642944
765537
439163
800553600
415512832
23395930112
12138493952
2703530752
5936831488
3090021120
288017216
6001284096
12302385152
6401974272
572638400
16731500544
4251199744
8808797184
21141
18610
527510
609418
5719015
102054
9721
303187
324079
63339
209980
1036406
55573
18610
527510
609418
396007680
1215921920
132364
433581
561055936
284957440
2230799
2627901696
1334454272
6344079872
3221734144
2035535
63339
209980
1036406
943228
132364
433581
561055872
284957440
2230799
2627901696
1334454272
6344080384
3221734144
278384704
2020002
3386903552
1736486272
11498493952
5901486080
394304608
42776637440
21711294464
1846738176
4458393600
943228
2020002
3386903552
1736486272
11498493952
5901486080
394304608
42776637440
21711294464
1846738048
4458393600
51286532096
26242510848
2408099328
8160039936
30052485120
51286532096
26242512896
2408099328
8160039936
30052485120
36214251520
36214251520
139476
19503
527510
616924
5817492
102054
10186
303187
328064
63339
212684
1049243
55573
19503
527510
616924
402577280
1215921920
132364
439163
570362880
284957440
2258433
2671497472
1334454272
6449314304
3221734144
2035535
63339
212684
1049243
955379
132364
439163
570362880
284957440
2258433
2671497472
1334454272
6449314816
3221734144
278384704
2045990
3443276800
1736486272
11689410560
5901485568
394304608
43486216192
21711294464
1846738048
4458393600
955379
2045990
3443277056
1736486400
11689410560
5901485568
394304608
43486216192
21711294464
1846738176
4458393600
52139884544
26242512896
2408099328
8160039936
30052485120
52139884544
26242510848
2408099328
8160039936
30052485120
36214255616
36214251520
67899
20732
526306
615273
5817492
102054
10805
302524
327186
63224
212143
1046492
55573
20732
526306
615273
402577280
1215921920
132092
438046
570362880
284957440
2252525
2671497472
1334454272
6449314816
3221734144
2035535
63224
212143
1046492
952955
132092
438046
570362880
284957440
2252525
2671497472
1334454272
6449314816
3221734400
278384704
2040794
3443277056
1736486272
11689410560
5901486080
394304608
43486216192
21711294464
1846738176
4458393600
952955
2040794
3443277056
1736486272
11689410560
5901485568
394304608
43486216192
21711294464
1846738048
4458393600
52139888640
26242510848
2408099328
8160039936
30052485120
52139888640
26242512896
2408099328
8160039936
30052485120
36214251520
36214255616
20917
19503
527510
490457
5541412
102054
10186
303187
261460
63339
117828
791055
55573
19503
527510
490457
382750912
1215921920
132364
244580
542266112
284957440
1708893
2539941376
1334454272
6131676672
3221734144
2035535
63339
117828
791055
525808
132364
244580
542266112
284957440
1708893
2539941376
1334454272
6131676160
3221734144
278384704
1146799
3273416704
1736486400
11112058880
5901486080
394304608
41344393216
21711294464
1846738176
4458393600
525808
1146799
3273416704
1736486272
11112058880
5901485568
394304608
41344393216
21711294464
1846738176
4458393600
49567461376
26242510848
2408099328
8160039936
30052485120
49567457280
26242510848
2408099328
8160039936
30052485120
36214255616
36214255616
68202
527510
616924
303187
328064
2206202
37217
1049243
49623
527510
616924
3590265344
656928576
2258433
1049243
1411503616
701928704
7970682880
1694527232
132584
2258433
8992265216
4471206912
23995551744
11997192192
2434546688
22962356224
11419584512
874493888
5403338752
79965560832
39984152576
5571008512
14937051136
14226387968
51698679808
67857
22561
123200
615273
10607
69426
327186
58179
13837
74086
1046492
22561
123200
615273
663016960
33306
182491
2252525
13837
74086
142121040
1046492
708434304
1710222080
341889
33306
182491
541474432
2252525
4512658432
12107189248
893009
341889
972039168
1242544896
11525361664
893009
2378837248
3095753728
40350572544
5339513856
13755877376
140070
22485
508223
616924
10593
291664
328064
58236
62965
74276
1049243
22485
508223
616924
664730816
149293
182958
2258433
62965
74276
142488448
1049243
710265600
1714642944
342760
149293
182958
542874560
2258433
4524323328
12138493952
895288
342760
974551936
1245757568
11555154944
895288
2384988160
3103758336
40454914048
5353318912
13791451136
