81705
12202438
1577107
1889764
10593390
472580
64327120
11180
2202488
41832608
9522
1294719
176260
715536
304142
715282
543775
195845
11851
543775
1409371
104817
31742
849082
316059008
119829
198075
159521376
15467636
166795
31432
12893443
76277
36712
33
126
12162118
150235
81458
12162118
12193166
91865
61851
6078684
704
3623010
143111
11304
303509
65014
64954
11294
99442
26411
285689
95157
491204
313476
34267
64116
3607755
34912
95273
3436514
1225103
28227
70554
843251
4858
111
70554
3344
175214
35709
698406
11303
263961
43950
35674
697849
186309
43907
186114
172208
35443
12025
91351
35443
402556
114110
101182
42895360
41971
88083
14261
63420
86
50708240
18792694
22323
7250
30389920
327002
4000565
98840
81705
23979590
464505
4000565
23979590
49197
147830
11159
67823
1371132
141186
106977
1096927
1638014
1221871
36380
1787366
40530
81705
373788736
1638014
1221871
1787366
373788736
440051
1131935
31035
446635
38681
68933
27172700
363249
925605
372971
22918838
278543040
15386477
160132
16024884
227034
30192
79078203392
212176736
12289087
12495380
64357548032
316059008
81830
36038
94913
78285
32
468822016
48576868
118
1667
528026
3137416
4256816
29192
1221871
35413
80271
899037824
3038300
4111593
1177775
871797312
56217
12223783
132514
6486
170
74059
15051931
49100
10592088
5580
13217912
55695
12223783
99389
6417
129
65185
14914860
34408
6817081
3555
9593606
35873
650468
890437
59517
71323
1250889
205163
307485
4041328
449459
2077226
1543721
11920710
148073
475506
42525
80830
125027768
1543721
11920710
475506
125027768
90483536
12213383
105708
7357643
49228
66857
27391723520
58612300
7573194
4555351
18220044288
10481
70168
3866583
67035
90128
296697
2192603
477678
452
1266
19253
60960
1845
14089
10650
20863
216271
1384124
153561
42110
961209
527450
480982
402549
1013925
40679
482712
91640
4035380
77341
892785
66855936
428970
3489507
58016912
984927
209273
17751196
10224
142573
66292
597788
74401392
9872988
88791
40304160
3437933
1778
3899669
606
1209606
2007
46153
765234752
41394
10953
12461936
24376
32238
697393
872342
2577
56727
41259
56690
67055
1351516
8573
140562
116112
201426
291695
4346186
15121
17982
257798
467756
56188
83420
811095
2341311
130600
647725
451506
1922663
61611
198314
137264
406
9736
1760
42722
144
29629606
132898
451506
616305
1922663
61611
26955
137264
406
1760
9619292
29629606
132898
616305
26955
9619290
1977679
19709760
15524729
37829
81909
38854
173
1221871
28372
6583
474568608
172954144
781313
4253353472
3516513
25489
8160497
23103
100
5109
77481492480
3124267
35709
7242188
8965
22536880128
13409327
12448
4211212
26603
14220
3920841
89354
4745
129
74427
15746510
4322321408
11553608
3439285
11005
3681236
3087777
12497
3371363
4111
4846675456
14137346
3795110400
3054760
2746768
4348862464
23935
3138990
4262113
7113
45314
49235
2620
1225103
12221
45325
2749202
3503009
1349
899539264
774520
842518
3074490
7866
10762
165062
755294592
606750
729038
249142896
813435
245240000
1901679
62419920
18808702
163010
1001397
462906
38978
3770901
85828
71810
815598912
177094560
1465512
19336916992
47950100
14772964
63523120
794492
373813
2873644
172082020352
655158592
138035472
15542124544
48468744
142218887168
265295
316059008
19386672
150899
467552
64384
4860
17972356
238531
67968
371229632
24139002
186008
98236809216
223790592
13928176
34485568
339923
47365
12519883
92370665472
262700416
16919360
70281854976
23905810
67249733632
35840
91998
11443
42741
482866
81705
35644
369961
1496405
48512
361954
482866
49379
4111441
1496405
975043
3017814
30928
5110
554
1980
26295
70411
1735
19867
86469
2328
11893
20530
691
217955
67992
39037
131316
705
79373
60373660
3963027
238988
68689
18014688
2138
2306478
123434
40330584
2642136
16122355712
12113239
1560181
85623
508628928
11618516992
366044448
705
99658
3632451
4035592
36380
81705
1221871
2156
86934
126207
3632451
4035592
818218240
1221871
86934
126206
22826492
818218240
22826492
705
96816
19099
4031419
185
79876
6414
2157
457
126047
18402
3860986
4291854
6156
440
120651
119728
4150024
115850
11949
27202774
3614621
3999137
89942
8431598
7415102
67616
1214567
32938
74301
4294613
566293
295630
107912
9236995072
7429000192
24709288
806513792
3275799
3617794
2120280832
7628819
6699189
1094254
541897728
327629056
3914888
70601968
511542
655688
2796771082240
8415908352
6737980416
733314048
1923946880
274820792320
449759424
736129920
112999264
2549515550720
244892450816
3360
316859
138770
152310
11159
3434658
3927912
77700
1220578
27582
68521
560491
127945
73989
13542
17150916
21238000
219700
9431464
96378
108534
776187648
2445101
2619979
835558
73604064
62330316
396782
17728160
87783
215500
3368667904
11437876
14109622
6614505
577081984
13212702720
43649728
21739972
15611626
2544801792
8228428288
176319
35953
880227
12025
329767
4035592
89950
332711
75833
35953
880227
10218877
411792
1386130
332711
302283
113018
24200342
433717
3447026
1386130
3211317
90092
79561936
2857648
8809790
89122608
-209792
658216
20709436
480273792
50051408
3216686
82529224
30926594
419921152
27315
30835
686641
3015
31102
142044
10573
156695
69305
9293
86455
456332
103363
634656
49969
66513
12293
938894
109029
109504
206458
1164105
3809
6032353
322450
353900
8927643
157844
209513
669070
47659492
1972597
682332
4200947
5560970
37666512
1486
3785
78464
3160
42973
131447
11413
332711
81705
1081
12424
37372
5686
278374
98745
92691
13927
1213124
125544
131447
81857
201797
2104
841826
-10455
37372
18220000
533032
267801
1213124
18419012
1234994
152932
1393757
13735828
18419012
67336
20374
3015
9907
770
474350
36825
1470
71546
19399
1384
824387
256798
2535
1529
278129
37620
19948
2088
392075
2550
1667721
32449
102046
5432
763713
276384
6054
725521
16427
685026
26557
1339133
71692
156253
572903
4246
35103
676614
15412904
197817
499
9577
60778
36211
1626
23557
404760
8027
210066
3938119
77976
60536576
1126976
15412904
2833
10196
215660
4560
2302869
44381
404760
37795612
471815
3938119
60536572
1264890
32346
190684
2302869
37795612
1264890
16846
24923
165037
10552182
103445
2712
10138
13141
25547
6315
23744
1327344
28890
39175
2997362
117061
13074504
557854
6890611
3399
11610
798219
15912
1950720
38859
830447
7968576
235164
1738825
7003864
1395177
69493
457810
1129425
5274721
878377
172045
35749
168738
61313
195793
11093
86736
10878
142
35023
165261
48943
240909
33202
16057
78267
50182
224484
61055
10665
32515
16846
77738
49209
219218
48883
37785
72905
16034
50351
37061
70899
15739
49374
37387
36670
4231
22258
67522
10501241
92443
611
2595
10230
23280
1421
4266
331834
7545
22605
2934989
114976
5947802
82629
5997074
629
1414
178808
3542
346437
7263
175851
3034227
72915
1376304
3437314
179998
7263
88170
185038
1473265
86374
176319
35953
715536
877771
19743344
12025
304240
328850
72622
331795
1380262
35953
715536
877771
19824078
266609
1382192
5527511
4462854
91800800
112410480
72622
331795
1380262
2596852
266609
1382192
5527511
4462854
91800816
136523472
11965634
37511332
330812736
654042176
2596852
11965634
37511332
330812736
654042176
4299394048
4299394560
66813
21176
537819
598370
12223783
10196
214160
151657
66615
303981
1380578
20018
381117
272403
7565141
150595
524523
3257053
2865768
58091688
58990680
64753
313092
948939
2332577
131746
522257
3008591
1867402
43283664
40718784
4639113
20345940
167446960
350189888
2199670
4645978
23303712
86335248
266785888
3385185024
1312930560
26153
35744
713153
687997
19361068
3255
61989
29500
72622
178126
1002334
10219
153638
82314
3481568
264887
722733
5394163
3188231
89948544
85329312
21221
53915
185049
1370389
70519
222905
1527086
565791
20699320
13585314
6087637
36641816
163911408
458861792
393000
1739568
12361812
38458268
96127216
2098571264
435366752
176319
35953
176472
102616
19743344
12025
92410
34332
11508
136492
34794
35953
176472
102616
19824080
38127
568781
5527511
102483
19579304
13213462
11508
136492
34794
149198
38127
568781
5527511
102483
19579304
17666530
546017
5603456
148003824
15210360
149198
546017
5603456
148003920
15210360
226960768
226960752
136433
23386
2653
599893
12008874
12016
1041
329511
446
332711
7546
23369
2651
599410
12114244
1790
580623
3557687
33174
370918
57941028
445
332459
7540
50033
1788
580160
3555007
33148
370643
76671736
68220
159374
183987776
4800566
49993
68167
159298
183833312
4797084
46673744
46638160
89836
35834
669230
6498
19698002
11112
199879
1307
68213
608
11338
34584
482254
4040
12164371
249767
3271
5509515
41778
85897704
861301
65981
599
8687
5367
221394
3442
5134902
30695
66219176
741327
15963
35070312
234770
6060297
5191
16212
39659144
266648
4900927
3827803
2358829
88272
715536
880227
209492
148715
460644
40848
1384124
81705
505666
411449
1423924
353756
4475497
929799
3223327
512426
3828337
467560
460644
2859792
21494716
900004
25996048
921186
1423924
64605428
404075
3223328
3828337
177959792
30741358
21494716
27156270
64605432
177959808
62810
534985
597372
202574
143779
445630
31838
1384124
63942
357371
256548
770302
250111
2860614
897508
3102520
452144
3676132
391896
251347
1755457
16519842
621901
19021250
968093
704912
62391400
462825
1984291
2546252
81897136
22709294
9352696
7447416
35863164
100744184
89789
176472
695672
41877
102245
468478
28423
270437
52813
90163
278055
1449295
317978
717481
104540
782872
85012
2716788
353182
160746
293492
4841064
88983
20922212
897062
1016812
5318560
198606
330164
1541626
2433023
4392414
2113522
7052972
1802328
-2596494
28879
715536
102616
68198
10708
146705
12131
220809
75541
170211
31878
474624
116877
721229
70955
1109687
149860
470433
30472
130927
236341
7084454
307067
2067063
21754
432007
7302031
104436
1020431
430486
26995102
2783857
6138756
2643329
6590610
23575170
29284
715536
3490
69160
195
150994
13084
5489
81705
172522
556
492246
122296
17748
1252
1143412
158814
5576
574
150994
3973
7264147
335472
32945
1941
492246
86350
493
1143412
5576
224259
51456
7264149
38489
86350
224259
19812
537819
599743
63172
45136
137588
9522
1383808
63423
116167
83278
253844
80774
2872525
288464
1043387
129257
1282584
128541
75685
584899
5306320
208862
5904861
421046
242263
19862080
160318
639065
822213
33402316
6671770
2645631
2402656
10965334
31649176
1853546
183255
39671
1682511
482616
150484
12688
482616
312306720
153624
246056
225996656
316059008
173241
269903
264804480
15429770
196514
36123
15398236
15509608
189021
34565
14950410
608743
125160
136539
329767
1353916
608743
195317
1353916
19514034
173461
76554
16709904
12162118
150235
81458
12162118
60137576
237634
78599
39748552
898958
231882
10709
733453
58955152
276938
91874
52300940
294972
56742
431506
2985504
36380
54651
2985504
3632451
30728
85487
2952802
715536
889956
176319
1383384
304240
329589
4453375
715536
889956
1383384
4453376
527045
478854
135034
999951
301330
264312
2051821
527045
478854
999951
2051821
547194
15507064
187402
124359
11455
34596
40662704
511142
14617116
116696
37887192
1920348
15521806
172999
442919
39275
31970
155106448
1614216
13359581
377158
130286080
1577296
10593390
103399
443981
35830
25658
113896816
911368
6840639
267974
63598360
89694
890437
151112
40847
419887
354848
463602
1354976
128500
606145
311759
94403
573046
281212
443167
2611449
155084
478386
42482
81438
4009811
484593
478386
4009811
442512
1221871
31263
481223
39347
74739
29973298
358178
977785
396654
24568742
311064416
15536191
142067
17774086
226019
26988
87807737856
199641552
10812178
11863412
63118647296
200785856
10549060
144918
18017724
293011
35222
59118764032
191630112
10139858
17248696
57014222848
61195000
15109194
107362
3437933
62165
21250
17569986560
25917456
7812058
1688231
10171387904
3024586
4142331
29867
1146956
35230
79308
825860608
3024586
4142331
1146956
825860608
3137416
4256816
29192
1221871
35413
80271
899037824
3038300
4111593
1177775
871797312
21963
537819
606569
136539
57269
60613
9977
1379301
304240
328582
133943
161284
21963
2859734
537819
606569
412377
57269
60613
1379301
1065771
133943
161284
2859734
412377
1065771
23442
537819
608743
136539
61095
66641
10620
1384124
304240
329767
145236
181216
23442
2869734
537819
608743
459653
61095
66641
1384124
1167388
145236
181216
2869734
459653
1167388
33121
645207
889320
176319
53012
67590
10232
1257065
273935
329350
188046
292322
33121
4037117
645207
889320
431532
53012
67590
1257065
1990095
188046
292322
4037117
431532
1990095
31510
715536
887944
176319
56171
63383
9739
1380262
304240
328850
196658
271001
31510
4443214
715536
887944
445465
56171
63383
1380262
2077321
196658
271001
4443214
445465
2077321
314866624
19673208
134843
18299428
220772
67254
99524673536
189258720
12140782
10640007
61346430976
60248536
19590064
154367
3768713
76441
68812
18592546816
43619792
14782924
2744565
14052380672
310715712
18827480
170113
17797900
270423
74421
95643156480
260853776
15917132
14808108
80866082816
30473220
1890536
9128
17826430
271836
77669
8460890624
27310796
1697902
15629524
7427776512
219205
1005912
105419
35764
644372
490777
369377
319015
203790
1300943
151793
35722
900900
447897
414770
325157
779397
65801
7712185
37685
453561
75164
639654
81029528
6339056
382182
65457892
59714248
287829
18290030
94119
3993278
78863
55623776
16500727808
17093076
3726233
15534794752
274313
76045
3526832
11105
142905
70935
208675
17988140
2572986
110426
13263476
53891688
299091
18120576
55616
3382242
81705
53891688
15195412480
18120576
3382242
15195412480
1077526
302027
18299428
13103
151359
81674
1077319
81407592
18301568
151337
81403432
17973892
257996
18246176
30647
1215956
73792
14270562
4262814720
14024472
948835
3426947584
443790
25225
477170
12144
1206262
44020
77357
30090868
100934
168420
8038209
18017724
302112
18299428
36380
1221871
81705
18017724
4281039360
18299428
1221871
4281039360
21678
21093
537819
486253
2870
69120
33092
53992
37773
1008624
6840
127128
61410
129830
108173
2142356
17033
12046
208276
252186
44976
40658
452239
866105
85715
290940
24376
32238
697393
882508
2577
56727
41259
56690
67055
1351516
8573
140562
116545
201426
311424
4404214
15121
17982
257798
467756
56188
95169
840018
2323405
130600
684977
90033
35698
712415
702117
10958
214618
102978
65096
43974
1008624
34928
516480
280962
224018
202947
3279249
64252
42945
630397
292683
226857
222798
2081452
1547542
298670
1566412
175126
32446
707470
135173
10999
300224
66001
32291
704214
274479
236766
171256
2675488
65667
235612
170162
2662744
1809605
1798454
72728
30799388
5562
8203
3304484
2293
36717
94434
250565
161
195691776
44124
55522
32747730
25008532
4484
1122755
2652253
1831
75575
234172304
157005184
35465
26606672
876364
191823984
1904538
59730544
77921
85800
943782
2203
29647
16436
50806
87
772306624
775608
545326
87547632
14951871
29640
254674
313784
705
5667
733088768
285545760
208750
40744760
63554
346440768
316059008
19064404
82373
125401
17745864
95536
205593
6307
61866
127
97804238848
471949152
177265936
22268186
10968110
50589
22285066
9521688
55410
3486
148022116352
55719862272
302150496
14187355
13430823
95225610240
465233
194922880
12223783
21988
975620
141115
3478
17729440
51917
20329
522564160
36867956
21653
60885942272
4723935
273033
73887392
104572
13656
335310
128983400448
7010680
667900
4334948864
5952027
17345126400
31945
201532320
12223783
150484
69560
9754
858
18299428
302112
81705
38463748
2585459
31945
63037448192
201532320
12223783
5243721
69560
9754
18299428
9529418752
38463748
2585459
63037448192
5243721
9529417728
587945
307196768
19188654
141870
1067909
149995
11262
18299428
234809
69805
824494208
54494272
385794
96905216000
205349040
13081642
80672440
739024
105803
11928353
209765875712
553316352
36068284
66007007232
51219644
146646433792
27978
26233
2571
11746
135382
81705
8028
109330
440166
11200
57475
135382
6816
1000791
440166
229609
710693
704
99131
3614621
3992133
36380
81037
1211425
2134
86858
125154
3614621
3992133
803181632
1211425
86858
125154
22536060
803181632
22536060
172057
32424
890437
10581
321741
3831717
97283
303366
79490
31694
868430
9706172
431108
1229901
296286
255144
105273
22881868
457945
3831717
1202258
2962773
101964
83432128
3998918
9706171
76520064
96573
624960
22881868
406663360
41249404
2748487
83432128
25845404
406663360
21245
20198
537819
601300
11983460
150484
3114
67748
47809
63589
286543
1366997
80373
6186
124514
88332
2347466
44001
143591
541084
3023474
-11799
2889329
56861916
761863
57554880
2589791
11983460
20467
96040
305394
2199958
41018
239669
919451
28260
649993
13787100
210921
11403338
374594
2347466
3966184
18892208
945737
153670912
30973648
3023474
337582080
16858992
56861916
57554884
713831
1423197
6874982
493292
27505532
3387117
919451
85489984
3985552
13787100
11403338
3116983296
140569232
18892212
153670912
337582080
425310304
44909888
6874982
27505522
85489984
3116983296
425310272
173645
32496
715536
890437
19743344
198314
10924
300230
324625
66615
304769
1384124
81705
32136
705946
876549
19540528
247604
239300
1263069
4993019
66253
4535665
91800816
1178295
112721144
3233231
19743344
65871
301212
1365493
2338517
236476
1251315
4935051
64879
4471524
90616464
1162123
111116800
3185128
19540528
10825527
35469536
819956
298485248
44578388
4993019
655872768
24629726
91800800
112721144
2311154
10685879
35129000
815907
294494208
43921800
4935052
647383424
24309890
90616472
111116824
4063176704
165497792
35469536
298485088
655872768
3991520768
162710016
35128996
294494208
647383424
4063176192
3991520768
68138
22676
535558
605351
12193226
150173
11089
218248
154941
70538
322808
1377753
81705
21915
388131
277327
7713381
151211
162528
611028
3468544
16127
2904057
57843040
759850
58824320
2605935
12193226
70077
340253
968255
2523222
145132
840164
3274892
133843
2054045
44079216
623744
35641588
1132176
7713381
4507847
20131296
1027000
180385424
35828804
3468544
348356896
17044736
57843040
58824320
2410201
4579629
23893186
2058428
98631872
12900811
3274892
271589024
12068932
44079216
35641592
3414680064
175898816
20131298
180385424
348356928
1382067968
154409312
23893186
98631888
271589024
3414679808
1382067840
28295
32157
710197
696135
18977784
196824
3241
67302
32142
66615
163282
1006127
77627
10042
166733
90068
3709152
49917
236583
672696
4835308
66085
3254204
88614352
1174483
83121040
2499304
18977784
21317
53817
202264
1234503
70472
259724
1491701
48614
664088
22193976
315728
14125354
377255
3709152
5479733
34115696
811193
144737200
19624670
4835308
444880640
13571007
88614352
83121040
398432
1724778
12434804
401328
36230052
3145639
1491701
102030360
2935606
22193976
14125354
1894209536
79806680
34115688
144737232
444880672
429530720
26351220
12434804
36230064
102030360
1894210048
429530912
92621
715536
890437
219724
156047
481868
39334
1384124
74269
531799
433786
1501239
364399
4535665
977466
3394442
514571
4041522
456033
393334
3199339
22551708
859807
34608012
1404965
1453679
67783024
426193
2895072
3488986
184400304
39972960
18589946
32620418
55729064
186558176
92144
34254
214559
888072
10657
39086
154844
42467
12559
68137
384742
34197
120706
430435
369922
51636
304931
1625542
12603
67872
33041
197957
207154
482866
95561
57374
345218
64114
750607
447167
3648140
620883
100018
57822
1225001
575843
631931
338996
6353618
18710576
1644753
9915796
173922
34142
686593
886592
10688
289672
326195
98592
60035
69124
1328355
33801
679367
876927
434664
209089
308790
4341443
59435
68431
24857
1314479
502486
463348
463741
206966
305722
87497
4294999
2445763
3990360
2330561
459031
228491
1179315
2073432
2306783
2257396
7412014
48159836
11083249
50484568
