79851
10220614
1458075
1709781
7491903
428612
55900136
10954
2011037
36337036
9388
1671486
173195
706234
303101
700262
780683
169446
11630
780683
1227386
53564
32260
326559
263105184
49655
126748
1018612
10984892
64566
23267
315516
447953
20126
40
200
10223864
132504
79610
10223864
10234398
45485
55035
245567
594
2734033
43705
11080
302674
62829
62805
11039
90414
-19316
292229
69617
342602
287612
31965
37236
2704241
32918
86112
2488080
1056687
20334
62294
144017
29072
433
62294
4582
172853
35235
669214
11069
261675
44146
35144
669044
174595
44105
174452
169919
32002
11148
77059
32002
266894
2311
155494
36980620
242937
42543
84481
40496
244
272870880
256660
2489
1799
42036
288651
3660301
89863
79851
17024876
505120
3660301
17024876
93015
206773
9872
60506
1895498
68867
80977
474835
1187068
1056687
34789
1486002
37048
79851
232039664
1187068
1056687
1486002
232039664
368186
956304
28260
413771
38786
67113
19383482
239532
475290
298796
6672465
235010928
10967392
64129
12470361
140071
20007
52988981248
2038871
221701
425598
19402568
263105184
505601
19556
593512
62790
40
2724339200
157483
200
440
6299
2201378
3321285
24049
1056687
33891
77791
596251136
2169982
3271463
1012835
593169280
346990
10238947
92013
41772
913
68895
91539512
70700
1984289
18346
3169724
345663
10238947
46989
41442
381
57353
91443368
4204
261931
3236
52313
35392
643012
865707
58718
67255
1057906
204359
282520
3439421
358415
1490550
1423047
9976404
130707
443440
42002
79006
105742736
1423047
9976404
443440
105742736
69114336
10235746
48758
6011297
16892
58111
19491641344
194277
281119
103411
2034610
9255
41873
3544708
58078
3413
-19082
190339
30621
561
1091
22791
53752
3613
16385
5044
-22858
214036
1323721
149464
41569
912619
217549
153364
852931
916826
38775
452527
60142
3728285
68676
404170
58846512
264252
550289
7661811
1236745
130349
15878293
8538
190399
58524
181951
120985648
659318
51156
2101105
2639317
1816
3591110
574
1048797
2560
1291
503641216
6576
2275
6272
25683
31486
693453
848425
3152
61552
56741
54938
63936
1227167
10744
160649
147023
193982
255441
3847273
18994
17701
336113
396448
70394
71012
959325
1744124
114521
468624
535671
1794583
356545
171470
131564
4636
9880
14444
42167
810
25576010
1320425
535671
4581217
1794583
356545
222147
131564
4636
14444
60601560
25576010
1320425
4581217
222147
60601560
393181
15890691
11026771
20475
24105
18817
53
1056687
26948
5321
118159192
66690468
222
2809685248
52366
3672
3829734
120
16
4930
21963243520
813
58
11645
56
224
11575234
71021
3244883
8862
83727
3589712
65951
28435
649
67832
86718688
3183702528
666674
20762610
3254
201495
16621776
18142
876769
9988
27903956992
336373
34614068
113727
553968
18597972
32749
2202146
3322860
1561
60591
62905
1716
1056687
11130
40625
3842095
3861488
255
596329280
2276
5340
4116849
2054
5670
29249
917236864
1129
1501
14692
12469
9812
1774105
54459288
15361320
62181
902413
430601
35799
3494467
51691
62539
600488704
145721728
332175
14223471616
565858
427027
54439732
236070
186140
288162
111788711936
6196023
3660633
6349008
2418433
86914176
311724
263105184
15716615
66480
494123
73766
4137
16057294
152743
61425
360985600
24666984
68599
78760411136
2563676
552707
39205296
148234
31954
1054352
64145760256
8561196
1237854
42487664
2754917
228748288
32537
90118
11110
42188
452644
79851
32398
145719
877242
-837
138005
452644
62269
377598
877242
392432
378506
28111
3771
243
1774
18209
65153
473
23958
136240
-1795
26142
13729
16846
145315
91570
-29856
-170236
594
50205
54807152
3632995
148177
60582
15948894
-339
1251705
60425
1759830
333338
11926912000
980375
-14945
1753
350096320
41739408
-688732
594
90584
2737086
3728360
34789
79851
1056687
7
63100
62475
2737086
3728360
535001312
1056687
63100
62475
13456904
535001312
13456904
594
67930
121174
3723967
942
72791
41153
742
1386
62343
32380
738281
24804704
16394
-240
880
501095
908830
13503
11005
21426820
2712537
3676560
79662
6053427
6167152
58416
1052150
31148
71547
-61327
522548
-54063
13846
5501744128
5052664832
18631048
524530464
2409832
2954776
1436127488
5699168
5385663
858085
371960960
343901728
-819540
43501680
333440
504380
1612422971392
5383224320
4664599552
488657152
1389418240
22137421824
317935136
536997120
-10417966
1593915736064
37707157504
7984
416123
196751
217519
9921
2638909
3624412
48768
1056132
19995
60793
111139
-12076
90864
2824
30215448
35509432
113661
15012180
46721
79008
510775392
165958
328282
137842
-3368552
-2686414
56457
1563290
-12421
12428
4939100160
2869244
2841756
1030854
3679189
12556611584
4210125
-1154137
-246932
130188120
284803712
174116
32490
864986
11148
327154
3728360
57955
297821
67286
32490
864986
7080099
199570
1209067
297821
-55979
-14099
19985928
405695
454662
1209067
1254597
145998
70245952
5212032
761115
41073712
-1902271
117356
1686324
-272261408
-45287308
-372040
12257298
-6068100
111398256
28272
27723
665428
4569
47969
183601
9723
146631
64342
12110
119872
474642
37804
537784
27578
14457
8362
1109981
5491
91862
89413
143163
32138
7399825
485620
240302
-5087563
318095
94492
508226
-26222670
-1174977
-373191
3345165
-2754976
-14282746
1544
2797
57647
3853
62384
163757
11323
297821
79851
604
10206
81341
4272
119045
32817
13687
-4824
1388600
15922
163757
7881
-10258
-12243
541739
1157
81341
-17915692
-218692
196752
1388600
-3937081
-1807198
-83667
343659
-16910418
-3937078
65794
18045
4146
8011
1015
430179
35623
557
63526
14741
2465
698026
35815
1624
371
106843
2025
17550
173
221968
894
-411279
-798
42356
-4572
252682
127623
-5692
15307
10839
124546
16281
341935
-18083
8201
97497
4443
34558
673979
10988114
171050
531
10652
59890
34635
1682
25397
361519
-4116
208131
2883117
42463
41119088
342081
10988114
2972
9596
65757
15073
1906804
-56746
361519
17909100
72518
2883117
41119088
563369
65567
194859
1906805
17909100
563369
17072
24901
162446
7472581
53154
3032
11053
12675
18677
7049
26428
1162037
-31003
38874
1530476
20590
7914160
-52735
203806
4031
13457
555185
-5069
1249055
645
175515
3324028
37512
124079
-47997
702699
42509
33584
-184767
304693
301884
160828
35286
167004
356034
170260
10519
86311
10627
809
30966
154773
350536
159508
33370
84916
41838
369190
103966
356034
10074
29281
88886
51563
340230
78698
350058
91977
98559
85056
367941
75683
92744
76569
339157
92337
75966
4468
22544
66615
7442989
42661
671
2641
9890
17166
1428
4474
312310
11960
22336
1541261
242
3825242
-11057
76983
686
1381
31652
-5562
317877
8026
43097
1913271
-13602
-40184
-178280
-107756
-11637
11625
41157
90366
11993
174116
32490
706234
863155
15900001
11148
303283
326280
70036
297321
1320695
32490
706234
863155
14286998
227439
1206828
3764956
4207667
65494056
75508768
70036
297321
1320695
2602346
227439
1206828
3764956
4207667
65494056
92089408
10405838
33234212
-6116288
444010432
2602346
10405838
33234214
-6116288
444010432
974652352
974652352
65670
18579
532149
590059
10238947
7285
212362
127397
64045
270617
1320871
14357
373833
230727
5092089
125719
490088
1265090
2832588
39077752
42072180
43290
62952
761891
2363605
98530
144334
1079155
1539874
27740576
21753740
3657153
11580973
-79940384
234890832
561490
1136972
8913462
-18694378
145421712
-492334720
387073760
22173
32003
703862
671948
15818932
4678
64411
47044
70036
168296
979369
10837
134509
100946
1830432
222777
637345
3823428
3075853
65705532
59465808
28962
35573
282503
1396678
73061
114218
1076917
639019
10257317
11009448
5293597
32939978
14009230
318051136
236716
744542
9539328
7847513
56046136
585179776
81546440
174116
32490
173861
97371
15900001
11148
91958
33690
10912
122425
32857
32490
173861
97371
14286998
32408
512669
3764956
93634
14722818
7699217
10912
122425
32857
110205
32408
512669
3764956
93634
14722818
12482392
583884
4146928
-19805074
10765368
110205
583884
4146928
-19805016
10765368
89314336
89314320
134457
20161
2622
591323
9940949
10669
1029
318084
529
297821
10267
19221
2608
562906
8348299
1150
556722
1482895
28883
144156
41372092
402
198108
8876
44733
971
351891
1209002
26509
147334
52555572
82147
108125
-99162544
-350665
9882
-999
208025
-711040
2439701
-70624080
10014702
78164
32123
666758
8451
15887427
10601
197983
1188
64612
543
10953
25724
412777
3425
7505015
201675
2915
3753527
53657
62891628
874709
60418
518
7267
4212
162810
1927
3070928
23780
39205592
311026
18148
29578060
432517
8465177
3739
11215
24489028
275856
3178544
3409243
1216156
86087
706234
864986
207456
117843
409126
40508
1323721
79851
490325
300518
1011623
130236
4215781
700385
1264302
180491
1663837
72910
409126
1983763
3249457
359736
7614963
1847819
1011623
12134402
993538
1264302
1663837
48362408
3898339
3249457
5592320
12134404
48362408
58134
530009
590227
201455
111099
377700
30671
1323721
55970
323519
181786
234091
24560
2836214
664412
1034968
123047
981224
130518
122301
1174045
2206788
-277121
4986477
802324
68775
8654976
488556
412080
252280
40293528
4140998
935867
-821896
1772354
-33586288
83388
173861
681743
41721
93722
425933
26496
260336
48141
83432
222346
941657
90178
685642
93876
203728
18477
1195363
-22902
86270
221106
1078946
18671
5749122
510440
88234
1199643
-56554
46322
381025
4300893
1531423
134589
-346315
222362
1384317
30458
706234
97371
73777
25811
201916
11555
211203
71850
194092
65742
487918
66910
712325
154826
924178
63933
347149
43854
138289
438242
4489298
291366
2154265
102032
350912
4578349
-35209
800208
251187
2520642
-1095185
1432705
2123739
3388583
4056147
29210
706234
4010
74546
505
215690
12841
7869
79851
183059
1590
569600
43153
28080
4317
1143742
36785
14081
-518
215690
13890
4234718
344833
-10783
4925
569600
142785
-7189
1143742
14081
640872
74009
4234716
18938
142786
640872
19964
532149
591010
67158
71788
176721
7505
1323545
55147
126621
130290
76502
23217
2835443
440546
875491
68910
1479214
-41516
35682
895823
3104067
331850
4151052
374253
94726
13794438
-64332
170610
327650
11327919
-3097119
691684
1035358
3209264
11056176
1659783
160207
39797
1459345
657592
132712
12426
657592
260852432
62423
149025
1771584
263105184
69018
163513
2323452
10993960
170480
34664
10993951
11029918
166415
33533
10862842
592075
56533
134656
327154
-43286
592075
14246
-43285
15796144
73909
68130
758411
10223864
132504
79610
10223864
54725800
145895
49174
1356723
1008487
205970
10205
582617
54200976
178928
63604
4197329
294147
37249
138674
2162683
34789
46273
2162683
2737086
27929
72152
1100297
706234
865384
174116
1323110
303283
326988
4258076
706234
865384
1323110
4258076
523771
455017
133095
979747
300315
261806
2016121
523771
455017
979747
2016121
783881
11015599
164047
171377
11436
32349
70306928
697548
10544032
129111
56359400
1787527
11030553
125725
372328
39132
28895
129983952
1100480
3412592
243679
40855664
1458221
7491903
47188
373777
32854
18280
100572056
224804
113650
53869
1490297
86920
865707
124163
40645
313841
126647
117536
-1239785
115373
590871
269804
85857
418498
130027
457248
429151
142696
443526
41935
79593
1982744
136293
443526
1982744
371909
1056687
23113
450917
37799
66192
22611584
151229
204329
253539
3778084
260664624
11031325
57512
13983299
139728
17404
57449463808
1643026
141015
320887
11075893
166885008
7472486
80882
14111005
194813
29904
37978812416
5645148
949319
1861587
183537168
53580752
10790526
46532
2639317
40568
11735
10560550912
365522
48772
36614
569476
2087379
3203614
24368
991738
33690
77535
537352256
2087379
3203614
991738
537352256
2201378
3321285
24049
1056687
33891
77791
596251136
2169982
3271463
1012835
593169280
22201
532149
590403
134656
54587
52533
9771
1319451
303283
326010
134598
131894
22201
2812705
532149
590403
371425
54587
52533
1319451
944752
134598
131894
2812705
371425
944752
23494
532149
592075
134656
59064
59020
10413
1323721
303283
327154
145615
146969
23494
2820774
532149
592075
421544
59064
59020
1323721
1063502
145615
146969
2820774
421544
1063502
32762
644577
864566
174116
51835
62476
10034
1253198
273068
326737
184910
264817
32762
4074134
644577
864566
415786
51835
62476
1253198
1801763
184910
264817
4074134
415786
1801763
31292
706234
863352
174116
53853
55775
9543
1320695
303283
326280
192514
229189
31292
4252288
706234
863352
391824
53853
55775
1320695
1668120
192514
229189
4252288
391824
1668120
261938208
15833285
54402
16322646
136807
59312
79235424256
1423316
345737
739163
18382872
52345244
15674319
65943
3455248
49719
61057
13701952512
1031868
540560
341222
19424780
257948480
15329217
70030
15901240
162695
65776
76679643136
2697536
609782
1155518
43927632
22310876
1331833
1192
15975345
167503
68382
7234621952
49318
14309
1242771
986987
217812
972073
109137
31729
643923
166353
-26264
525514
201003
1280819
129655
34830
758165
188461
119256
59253
674563
22618
6367202
35776
399188
65475
139036
64185580
181824
203957
1936953
54661696
258907
16318029
84828
3716905
75698
49191000
12317095936
14328073
3349913
11637523456
329862
47834
3129544
9739
191853
62746
80133
24863332
284345
70835
1116000
47376444
279018
16203910
47100
3115494
79851
47376444
11206879232
16203910
3115494
11206879232
1454263
281808
16322646
12912
216873
79838
1454263
154355936
16322611
216873
154355936
14104617
156020
16293878
19477
1053933
64907
442957
3133987072
1043962
120415
6351775
373623
21676
449327
10430
1046838
38533
11332
22564580
52993
23386
56205
14111005
281859
16322646
34789
1056687
79851
14111005
3136347904
16322646
1056687
3136347904
22151
21299
532149
468367
3685
74760
66295
51286
34951
984986
9102
142054
123560
130726
84620
2064195
23432
25500
414623
240266
61787
63652
884224
690152
183471
493844
25683
31486
693453
848425
3152
61552
56741
54938
63936
1227167
10744
160649
147429
193982
255939
3805446
18994
17701
336113
396448
70394
68464
995106
1890182
114521
465132
88001
35285
703884
681659
10591
212697
96600
62909
44173
984986
33639
504444
251790
217842
177393
3078060
60480
34936
561976
302028
205291
136297
1632762
1439191
222774
915658
167049
29437
700283
52606
10099
298663
61947
27421
662645
-23448
199525
53927
-650349
60990
181321
52624
-688580
309403
-65611
65529
22337322
35785
1933
2941291
19791
36915
590855
170323
771
141069728
328256
11279
209235328
315245
925
8924314
1284580
11044
58846
1374616448
2477892
12940
212898
2002061
2863626
1734830
51551248
459497
34546
836767
18269
25348
113681
32677
240
541576192
5909197
87396
480939232
108073
1299
2011745
72816
676
17147
3870790144
535358
7189
8772
5057
96484
263105184
15568550
508105
50973
15812416
599646
128316
40644
55320
427
78147485696
2738898432
1147749
138483680
295550
6607
124537264
642330
16468
3780
913283612672
11961136
785324
89399
234941
13971410
609866
162374176
10238947
4586
1198886
183858
741
15948847
18745
11599
832493696
58231424
881
47420997632
19761
7870
115569080
3017
1348
27920
203750637568
5222
2324
46217
6698
16698
28846
167312464
10238947
132712
61634
8897
866
16322646
281859
79851
23267236
1610002
28846
49002549248
167312464
10238947
3360391
61634
8897
16322646
2263957248
23267236
1610002
49002549248
3360391
2263957248
868002
256479264
15518956
57627
1427072
211843
9610
16322646
144407
61518
1581408512
101351824
119580
77821460480
1765715
410288
150888976
275324
69518
869316
422358548480
11874391
1885363
25103356
4229083
255355792
25221
25075
4076
11763
180943
79851
9787
22583
381499
13797
21937
180943
9643
97976
381500
191005
-195338
594
90109
2712537
3665459
34789
79206
1050170
231
59176
60559
2712537
3665459
522510336
1050170
59176
60559
13640834
522510336
13640834
166174
29305
865707
6919
264099
3483198
88461
275324
77692
17615
610474
6430347
242200
1117985
41231
-29151
-9043
14869774
466375
3483198
146495
784301
110977
39579328
-1610063
6430347
30416944
-1232471
353615
14869774
-236981856
-44855388
-751506
39579328
-51953272
-236981984
19987
17860
532149
583785
10178277
132712
6228
72263
87824
61374
253138
1308034
78544
10268
124590
143797
1293524
-8216
121306
447289
1321398
11025
2753090
39092328
-75206
40939136
149689
10178277
40875
132434
546009
2207243
68903
194774
583432
-21005
976277
7187190
-3687
11147534
579079
1293524
4458702
11128955
499785
-72309272
-11801884
1321397
221398000
122534
39092328
40939136
957640
1309937
5051774
165930
-18489506
-115115
583432
76637456
3928570
7187190
11147534
-788456256
-162012896
11128956
-72309280
221398048
-425200320
-51564900
5051774
-18489506
76637456
-788456256
-425200320
171365
29486
706234
865707
15900001
171470
8804
299092
298152
64045
271091
1323721
79851
24103
695686
746061
14117466
166979
207360
1107102
3238151
65817
4184742
65494056
217044
75863216
680525
15900001
53865
102731
1172754
2368196
170451
360921
2726780
122022
3455792
64663768
280543
64099528
690792
14117467
10008284
29075474
710695
-10059412
-16695594
3238151
444967744
-1166389
65494060
75863224
850846
2064511
26387472
1204336
59166928
-6016547
2726779
364157600
3178403
64663768
64099524
899467136
-249381360
29075474
-10059412
444967744
878450176
-87330128
26387474
59166896
364157664
899467136
878450176
64438
19639
530107
586744
10225026
132451
10710
216153
151367
68389
285499
1319209
79851
18090
362357
256857
4834516
40060
133042
484216
1453589
-4877
2748106
38906652
-30359
41854164
87485
10225026
67194
287700
924262
2491257
122520
503042
1598449
-47233
1689441
26738598
-18581
15728496
358008
4834516
4890055
11097171
610738
-92322072
-14866031
1453589
238668096
1177328
38906648
41854168
2324780
3701666
10434625
553254
-124872512
-4778926
1598449
121861064
2637337
26738598
15728496
-1071371904
-183877008
11097171
-92322080
238668128
-773998720
-152696144
10434624
-124872544
121861064
-1071372032
-773998720
29214
28705
701945
667744
14929017
170249
6025
71558
55669
64045
155065
982876
75910
16668
185722
146395
2349726
8406
203168
573561
3138776
70940
3019541
61567264
270673
56007648
713251
14929017
39336
63523
342924
1298661
117276
190000
1535335
74599
1009445
15197280
-28366
12944040
579486
2349727
5068209
27239200
697672
-7477400
-8996461
3138776
308033408
-1659319
61567264
56007648
433369
1409864
15671787
395339
18770024
-2188985
1535335
98473936
2250074
15197280
12944040
526798336
-120026896
27239202
-7477400
308033408
222835600
-9760841
15671785
18770024
98473936
526798336
222835584
90708
706234
865707
218200
153467
451967
37022
1323721
64490
521658
430747
958068
120522
4184742
944893
1639899
199032
2699492
73107
210347
2971703
2901165
-229105
13478920
-1154816
452172
22104408
498456
1027211
1414227
103774416
2450434
3203315
-2885585
3716986
12003100
90329
33871
210837
863398
10507
38750
148943
41977
12150
62713
353992
33803
118862
417146
142239
51180
263158
1398985
12246
60663
1647
175768
33339
156906
90068
51849
247834
-56722
666974
-85394
-1155427
499727
85168
-13201
-107415
196176
452537
94058
-855676
3366601
421198
-3582545
169792
33365
680298
855207
10466
289401
317246
89639
58497
65560
1179037
32519
661188
807152
227746
204013
260512
3707668
57964
62670
1907
1157486
178267
498063
385747
198659
244235
1279
3409987
362354
-1039139
1830776
381360
2529
364124
1308173
1698838
725930
-2117182
9557446
2495027
-28093884
