79851
10220614
1458075
1709781
7491903
428612
55900136
11005
1092699008
36337036
9428
714681984
211190
815779
303072
812025
780683
169446
11630
780683
1227386
53564
32260
326559
263105184
49655
126748
1018612
10984892
64566
23267
315516
447953
20126
40
200
10223864
132504
79610
10223864
10234398
45485
55035
245567
596
2734033
12024584
11093
302656
73130
73125
11058
90414
249846960
326461
69617
4120465408
369129
31965
435389888
2704241
32918
86112
2488080
1056687
20334
62294
144017
29072
433
62294
4582
210664
38333
770611
11079
261956
56384
38224
770495
234961
56375
234931
207269
36471
11102
77059
36471
2930349056
251749136
858056448
36980624
242937
42543
84481
40496
244
272870880
256660
2489
1799
42036
372415
3660301
89863
79851
6464438784
5504847872
3660301
6875977728
98776
206773
9872
60506
1300020352
1074447616
80977
1082676992
1187068
1056687
34789
1486002
37048
79851
232039648
1187068
1056687
1486002
232039648
368186
956304
28260
413771
38786
67113
19383482
239532
475290
298796
6672465
235010944
10967392
64129
12470361
140071
20007
52988985344
2038871
221701
425598
19402568
263105184
505601
19556
593512
62790
40
2724339456
157483
200
440
6299
2201378
3321285
24049
1056687
33891
77791
596251200
2169982
3271463
1012835
593169280
346990
10238947
92013
41772
913
68895
91539512
70700
1984289
18346
3169724
345663
10238947
46989
41442
381
57353
91443360
4204
261931
3236
52313
38475
735374
986683
66670
82991
1250997
252026
357218
4570331
487390
2260831
1423047
9976404
130707
443440
42002
79006
105742736
1423047
9976404
443440
105742736
69114336
10235746
48758
6011297
16892
58111
19491639296
194277
281119
103411
2034610
13145
41873
3544708
58078
222150432
410068992
190339
315399232
619
1091
22791
53752
6135657
12105553
5044
8704216
221672
1465193
185689
41569
1110803
2461138432
3161828864
13879160832
916826
38775
452527
60142
3728285
68676
404170
58846512
264252
550289
7661811
1236745
130349
15878293
8538
190399
58524
181951
120985664
659318
51156
2101105
2639317
1816
3591110
574
1048797
2560
1291
503641184
6576
2275
6272
29432
34196
797283
970046
3420
69996
67047
63051
77205
1392007
12452
209568
203438
240179
324294
4908263
23688
24288
404050
492888
93670
96163
1357654
2229929
157163
678289
535671
1794583
356545
171470
131564
4636
9880
14444
42167
810
25576010
1320425
535671
4581217
1794583
356545
222147
131564
4636
14444
60601560
25576010
1320425
4581217
222147
60601560
393181
15890691
11026771
20475
24105
18817
53
1056687
26948
5321
118159192
66690472
222
2809685248
52366
3672
3829734
120
16
4930
21963241472
813
58
11645
56
224
11575234
71021
3244883
8862
83727
3589712
65951
28435
649
67832
86718696
3183702528
666674
20762608
3254
201495
16621776
18142
876769
9988
27903956992
336373
34614068
113727
553968
18597972
32749
2202146
3322860
1561
60591
62905
1716
1056687
11130
40625
3842095
3861488
255
596329344
2276
5340
4116849
2054
5670
29249
917236864
1129
1501
14692
12469
9812
1774105
54459288
15361320
62181
902413
430601
35799
3494467
51691
62539
600488704
145721728
332175
14223472640
565858
427027
54439732
236070
186140
288162
111788720128
6196023
3660633
6349008
2418433
86914176
311724
263105184
15716615
66480
494123
73766
4137
16057294
152743
61425
360985600
24666984
68599
78760411136
2563676
552707
39205296
148234
31954
1054352
64145760256
8561196
1237854
42487664
2754917
228748320
37079
107215
13257
42188
452644
79851
46274
1755308032
1998988672
148496992
267199440
452644
512610496
1016249152
1998988672
267199440
1016249152
32460
4411
288
1774
18209
65153
769
93581824
111681568
6897868
13012442
13729
23699650
49769080
94639712
11041872
43856840
689
50205
54807156
3632995
148177
60582
15948894
13589427
98267216
26793780
1759830
333338
11926912000
980375
52388344
21432736
5727428608
41739408
346221696
689
90584
2737086
3728360
34789
79851
1056687
13846994
12040117
27482944
2737086
3728360
535001312
1056687
12040117
27482944
376298912
535001312
376298944
689
67930
121174
3723967
942
72791
41153
13690416
374755
27443276
32380
738281
24804704
16394
329542
25444866
14687266
908830
5829895
10988
21426820
2712537
3676560
79662
6053427
6167152
58416
1052150
31148
71547
385081184
201217360
456519264
232268992
5501743616
5052664320
18631048
524530368
2409832
2954776
1436127488
5699168
5385663
858085
35454398464
36662304768
365097216
6159259136
186984352
428011328
1612423102464
5383224320
4664599040
488657152
1389418240
8426371416064
34880520192
35053084672
5487051776
1593915473920
8746898030592
8058
416123
196751
217519
9921
2638909
3624412
48768
1056132
19995
60793
98330152
37821272
86836536
44952276
30215448
35509432
113661
15012180
46721
79008
510775360
165958
328282
137842
2809067520
3974378496
59594016
1162653184
23817476
70133888
4939100160
2869244
2841756
1030854
3679189
535744413696
203789184
401456480
169301280
130188104
4460619776
212088
37132
986683
11102
328064
3728360
57955
326486
67286
37132
986683
3459649792
2948087552
1366060
326486
460578688
247977920
6500046848
5344655360
454662
1366060
1762367488
860440128
41990094848
20467912704
3106480896
15186725888
7410644992
413370880
5834591232
63350550528
30942789632
1577096448
37684158464
12868059136
56827518976
32711
32123
766649
4781
57033
183601
9723
163440
64342
14668
171239
662486272
541667712
645637
37856
78243848
40618884
1009230976
800274752
91862
122154
291742720
136569760
6406141440
3011793152
571928448
1438996224
675135616
67558480
871133760
5662859264
2663450624
251232544
5439318016
1176040832
4912778240
1809
3235
66801
4167
73056
163757
11323
326486
79851
916
15059
55052488
33782448
143672
47425
83281680
46403352
1175617536
999793408
163757
13352
27443936
13894496
533222848
269186816
58519688
2714115072
1374176256
88589504
1249739904
1189454464
604096128
29189496
566961472
2714115072
1195642752
79486
21528
4541
8245
1092
430179
35623
621
63526
18857
2971
1621833216
1235437056
1852
500
232475040
115740512
41242360
19746378
221968
1413
581384704
261937168
122828224
55348856
1342757376
16706311
7525488
192560864
34136168
50326188
22581730
462328640
97780096
13758494
39974608
4989
37622
770368
10988114
171050
588
12111
68367
34635
1983
33442
82865328
96422464
257833
363370048
415576896
7180041216
3915422720
10988114
3687
13573
24526756
28359908
456501632
530595680
84611840
2588485888
3003936000
390423008
10269810688
138118272
159472032
27641372
459036512
2651699200
155822976
20168
27563
179143
7472581
53154
3341
12874
15009
18677
8648
35080
317312480
353436512
49927
308411264
338637504
1823288576
1200794496
203806
5083
17787
114819680
127268792
420620320
467082752
186432416
490139520
543433856
186320912
1209250688
164425344
181781024
67594064
236530608
295331840
108266216
198189
38376
200556
356034
170260
10751
87011
13581
809
35282
192240
37297104
1788612224
47629
8488843
407434656
36610304
571375296
356034
13229
44522
8472509
406656768
36352784
569818624
52358772
8451406
405599936
8857935
51395088
8437670
404959424
8840941
51034080
8818726
8804468
5182
24585
80591
7442989
42661
735
3006
11001
17166
1821
6174
88217952
99213024
27600
278821888
309039840
946339712
449290784
76983
858
2257
25170140
28256410
88217952
90057968
44611776
278821888
309039840
156550560
657758976
25170140
28256410
14259743
44611776
156550560
14259743
212088
37132
815779
983889
15900001
11102
303187
327152
85739
325802
1461196
37132
815779
983889
1217015168
313703
1363436
921384192
5195907
8071164416
12960483328
85739
325802
1461196
2568172
313703
1363436
921384128
5195907
8071164416
12960483328
11261781
6970482688
30710386688
95710732288
2568172
11261781
6970482688
30710386688
95710740480
242474418176
242474418176
79434
22282
622505
697065
10238947
7707
227011
166509
78606
296601
1461503
18583
475941
379283
915286400
186532
619415
704509056
3583844
6742094336
10827063296
61400
118390
1006194
2340785
159551
289677
609035008
2468148
6467936768
9749346304
4847094
5283781120
23149422592
79946858496
908784
2286416
3920852992
8614342656
69315706880
182985621504
66627928064
26488
36539
813059
771651
15818932
4930
73953
55618
85739
187032
1099936
13827
188937
148511
671922944
308247
748713
908695936
3864677
7960335360
10240249856
37019
46222
338284
1434162
112791
142971
466717824
964365
5073500160
4850631680
6093175
6873771008
17212616704
74081484800
310988
1008651
2992055552
4134105088
29439397888
132473626624
27798863872
212088
37132
212088
109858
15900001
11102
91976
33691
15537
130789
33691
37132
212088
109858
1217015168
53583
549915
921384128
109858
1217015168
2518141952
15537
130789
33691
130789
53583
549915
921384128
109858
1217015168
2518141952
549915
921384128
12458516480
2518141952
130789
549915
921384192
12458517504
2518141952
12458517504
12458516480
165456
24224
2908
698913
9940949
10887
1040
322838
588
326486
11889
24096
2900
683872
988209600
1416
687857
748528896
35880
76552592
10554308608
558
290407
11275
45448
1416
612540
746916224
34632
76552592
10493788160
92382
45744916
24774193152
827740160
34977
92382
42995064
21464637440
771194560
3487073792
2601843200
95245
36763
758190
8816
15887427
10691
209975
1307
76547
627
11315
31635
524403
4329
1100358912
275403
3098
920587136
56993
7673638400
194991200
73419
578
7967
4623
234441
2285
916283136
29451
7458149888
125952816
24840
6361932288
60616068
1091733504
4162
16853
6091514880
55794568
767500160
446799104
401371456
102480
815779
986683
222940
157453
409126
40508
1465193
79851
617683
504939
1944638464
1708530176
5209523
947489
4774842880
2410475520
3651465472
3097065472
409126
3321741
14183945216
7162070016
23582654464
11907216384
2066867968
26934441984
13599687680
6139703296
3880673792
127683043328
64481337344
15076442112
25065496576
28626577408
137481240576
70885
619548
695818
218453
151040
377700
30671
1465193
55970
427903
331136
1555475200
1285922432
3578724
913955
4684989952
2294145024
3583344128
2948614656
122301
2113048
11329560576
5547987456
16532577280
8102099968
1187745152
26431723520
12944486400
4603060224
2736179200
85472518144
41878478848
8651288576
12361222144
20180785152
66075885568
100229
212088
782422
49938
126103
425933
26496
262116
48141
125099
389378
1964140288
1612456448
782422
126103
1033861952
487975424
2975069952
2366431232
86270
389378
1964140288
927223424
19173363712
9050378240
1307383552
2975069952
1404517760
908673536
1980310016
19173359616
9050379264
1307383808
12244445184
1980310016
12244445184
35297
815779
109858
84457
26335
201916
11555
218371
71850
258412
77118
690166016
601445120
799133
160559
1698643328
848737792
251083296
149235312
138289
516997
5033748992
2516294144
1028380800
511916928
670569728
2033481088
1015321600
2031356416
243882912
7488798720
3723051264
4890142720
999498304
1870310144
7276306432
34119
815779
4353
85441
541
215690
12841
8286
79851
248499
1838
705027776
620090048
31460
4601
1734080000
875004672
11706323
6234851
215690
16470
5142330880
2596012288
41845072
21101052
749445888
79445312
40117768
2229684736
12406708
301920928
152373104
5466035200
44818864
81687664
323395840
23676
622505
698784
76822
82306
176721
7505
1464886
55147
173046
181468
526434368
436925888
3592279
507820
1583188992
775770496
1207380480
996208768
35682
1238013
3829495808
1876870272
5586116096
2741152256
397538848
8908092416
4365053440
1541294848
911901696
28863164416
14165005312
2891334656
4112713728
6726458368
22087475200
1659783
160207
39797
1459345
657592
132712
12426
657592
260852432
62423
149025
1771584
263105184
69018
163513
2323452
10993960
170480
34664
10993951
11029918
166415
33533
10862842
698913
56533
165679
410919
5397283840
912303
774007424
10538525696
15796144
73909
68130
758411
10223864
132504
79610
10223864
54725800
145895
49174
1356723
1008487
205970
10205
582617
54200976
178928
63604
4197329
330326
37249
4009998336
2162683
34789
46273
2162683
2737086
27929
72152
1100297
815779
986179
212088
1464417
342476
410708
5206766
946078
1289385
1902050
6929592
609571
545051
163858
1101726
340144
330269
2653888
711096
715114
1435232
3540173
783881
11015599
164047
171377
11436
32349
70306920
697548
10544032
129111
56359400
1787527
11030553
125725
372328
39132
28895
129983968
1100480
3412592
243679
40855664
1458221
7491903
47188
373777
32854
18280
100572048
224804
113650
53869
1490297
103293
986683
164117
40645
510803
1682294784
3049569280
11713277952
143912
695870
293487
85857
581933
2336855808
5351535616
14765568000
180999
443526
41935
79593
3740502528
3183977216
443526
3975858432
371909
1056687
23113
450917
37799
66192
22611584
151229
204329
253539
3778084
260664640
11031325
57512
13983299
139728
17404
57449467904
1643026
141015
320887
11075893
166884992
7472486
80882
14111005
194813
29904
37978812416
5645148
949319
1861587
183537152
53580752
10790526
46532
2639317
40568
11735
10560551936
365522
48772
36614
569476
2087379
3203614
24368
991738
33690
77535
537352256
2087379
3203614
991738
537352256
2201378
3321285
24049
1056687
33891
77791
596251200
2169982
3271463
1012835
593169280
24121
622505
696912
165679
63355
65861
12306
1459741
342476
409494
171925
177765
31396
3582095
724141
908810
462500
71862
85785
1893776
1343836
197917
237161
4757590
616651
1823045
25788
622505
698913
165679
68371
73060
13241
1465193
342476
410919
186183
198212
33908
3592647
724141
912303
514256
78274
96697
1902771
1503228
216602
267852
4776579
695402
2055533
35427
724291
985366
212088
58909
76604
12895
1385153
317340
410413
225231
333220
46465
4907189
872016
1287500
507944
70666
102248
1785633
2431251
273897
458734
6478755
687742
3393976
33705
815779
983889
212088
62489
68464
12169
1461196
342476
409842
241640
296757
43886
5195907
946078
1286525
482092
71617
89974
1898435
2304293
279626
401153
6915660
648324
3198588
261938192
15833285
54402
16322646
136807
59312
79235432448
1423316
345737
739163
18382872
52345244
15674319
65943
3455248
49719
61057
13701953536
1031868
540560
341222
19424780
257948496
15329217
70030
15901240
162695
65776
76679651328
2697536
609782
1155518
43927632
22310876
1331833
1192
15975345
167503
68382
7234621952
49318
14309
1242771
986987
225566
1098102
140007
31729
818112
2418812416
2521435136
10735759360
213562
1412647
168280
34830
988854
2198208000
2911828480
12618796032
674563
22618
6367202
35776
399188
65475
139036
64185580
181824
203957
1936953
54661692
258907
16318029
84828
3716905
75698
49191004
12317095936
14328073
3349913
11637523456
329862
47834
3129544
9739
191853
62746
80133
24863332
284345
70835
1116000
47376444
279018
16203910
47100
3115494
79851
47376444
11206878208
16203910
3115494
11206878208
1454263
281808
16322646
12912
216873
79838
1454263
154355936
16322611
216873
154355936
14104617
156020
16293878
19477
1053933
64907
442957
3133987328
1043962
120415
6351775
373623
21676
449327
10430
1046838
38533
11332
22564580
52993
23386
56205
14111005
281859
16322646
34789
1056687
79851
14111005
3136348160
16322646
1056687
3136348160
26326
23128
622505
556123
4015
85585
75134
59631
45114
1107151
10642
195128
171433
165498
123911
2725881
28968
30848
477243
308182
83991
85570
1209023
915281
222834
668215
29432
34196
797283
970046
3420
69996
67047
63051
77205
1392007
12452
209568
203438
240179
324294
4908263
23688
24288
404050
492888
93670
96163
1357654
2229929
157163
678289
104637
38370
812742
779758
10738
227209
128665
73235
56415
1107151
37010
628955
411340
276680
239219
3910837
70749
49218
761294
381482
266570
206563
2619382
1775069
325599
1473773
204946
33913
807034
52606
10097
298996
75884
32304
779659
1819546240
276703
413067072
3935334400
75068
261744
413067072
3935334400
3021764096
2995407360
65529
22337322
35785
1933
2941291
19791
36915
590855
170323
771
141069728
328256
11279
209235328
315245
925
8924314
1284580
11044
58846
1374616448
2477892
12940
212898
2002061
2863626
1734830
51551248
459497
34546
836767
18269
25348
113681
32677
240
541576192
5909197
87396
480939232
108073
1299
2011745
72816
676
17147
3870790656
535358
7189
8772
5057
96484
263105184
15568550
508105
50973
15812416
599646
128316
40644
55320
427
78147493888
2738898688
1147749
138483696
295550
6607
124537256
642330
16468
3780
913283678208
11961136
785324
89399
234941
13971410
609866
162374176
10238947
4586
1198886
183858
741
15948847
18745
11599
832493696
58231420
881
47420997632
19761
7870
115569080
3017
1348
27920
203750637568
5222
2324
46217
6698
16698
28846
167312480
10238947
132712
61634
8897
866
16322646
281859
79851
23267236
1610002
28846
49002545152
167312480
10238947
3360391
61634
8897
16322646
2263957504
23267236
1610002
49002545152
3360391
2263957504
868002
256479264
15518956
57627
1427072
211843
9610
16322646
144407
61518
1581408640
101351832
119580
77821460480
1765715
410288
150888976
275324
69518
869316
422358548480
11874391
1885363
25103356
4229083
255355808
29037
29408
4359
11763
180943
79851
12230
571248512
648484736
38102600
68570384
180943
129373504
256897472
648484736
68570384
256897472
689
90109
2712537
3665459
34789
79206
1050170
13804006
12003352
27175384
2712537
3665459
522510208
1050170
12003352
27175384
372976192
522510208
372976224
203502
33328
986683
8145
290693
3483198
88461
300176
77692
27781
846778
3315368448
3007714304
1248598
172083
398145728
228042688
6227946496
5452609536
3483198
773916
1519971072
789069568
40230232064
20858771456
3524102144
13402662912
6953475072
423365280
6620612608
55510630400
28850608128
1621374848
42770919424
13508011008
59330244608
24067
21263
622505
688593
10178277
132712
6349
82682
97952
74942
276805
1446026
78544
12661
175399
201168
592561152
446570080
177843
580365
661583488
338242080
3536533
6632367104
3398737920
10554734592
5404853760
10178277
49814
143628
612822
2191579
106189
247896
497709632
255554576
1370638
4479482368
2293264896
7106920960
3648338176
629991232
4560196
4976209920
2551709440
21291642880
10913378304
703876736
77993435136
39910031360
7050589184
11223367680
1044094
1794243
3303434240
1696264704
10920004608
5604875776
510460512
44805279744
22991527936
4763386880
7372144640
168870920192
86248128512
5042299904
21356101632
82954756096
79400681472
40746893312
3445067776
11554201600
46903050240
170917642240
84488306688
208405
33959
815779
986683
15900001
171470
9312
300316
310053
78606
297240
1465193
79851
32051
809690
924614
1207433728
1852720896
287056
1234654
843227840
424020032
5209523
8071164416
4066924544
12994293760
6542797824
15900001
73321
209550
1399771
2345675
275034
921173
838858368
421785120
4782254
8040768512
4051540480
12801822720
6445461504
1285337344
10200246
6390116352
3222126848
28013649920
14122631168
898536896
95931531264
48262258688
8595417088
13841655808
1641428
7962503
5770188288
2908150528
18984665088
9551687680
893900416
94835998720
47706505216
8563168256
13637134336
221446668288
111403859968
6475497472
28143546368
102216630272
150077374464
75228807168
6102957568
21270732800
101053530112
224789692416
168249851904
78557
23489
619714
693684
10225026
132451
10695
229923
187456
83305
313282
1459435
79851
22073
466352
396693
922702336
1100044800
195777
649586
748713152
376544704
3558299
6719852544
3387546624
10794768384
5437861888
10225026
82281
310695
1122089
2471948
181853
619613
748318336
376346880
2555595
6501440512
3277097984
10113488896
5093265920
982142528
5096505
5613896704
2831398400
24415000576
12308445184
797736640
79653404672
40095629312
7154280960
11495192576
2446283
4777757
5539366912
2793697280
24218267648
12208834560
797313024
77569392640
39043194880
6922085376
10770737152
193050181632
96976601088
5689486336
24489818112
84843331584
191107645440
95991840768
5647280640
24401729536
82626560000
195411722240
194654568448
33716
33251
810215
768422
14929017
170249
6180
81821
64319
78606
172616
1104451
75910
19362
245748
199079
676889344
530795456
280460
679583
797744000
422107648
3853094
7635346944
4048565248
9891649536
5241458688
14929017
47755
72907
398982
1324357
162215
240625
561815360
298378912
1357716
5117102080
2710062592
5415840256
2874694400
722839040
5532002
6047237120
3207274752
15243200512
8087856128
852320128
71516839936
37863415808
8152512512
10564098048
505812
1757024
3707901696
1969182208
6326775808
3357962752
581103232
33546924032
17802477568
5465696256
5805521920
117354708992
62201397248
6126556672
15421061120
76401287168
43930669056
23310403584
3904226816
6800942080
36063809536
119344054272
47231668224
107871
815779
986683
231629
189495
451967
37022
1465193
64490
645761
606559
2004419072
1744829184
5209523
1141906
4923867136
2461696768
3764130048
3162601984
210347
4079319
14619959296
7311391232
24311009280
12155115520
1748409600
27766231040
13882542080
5391490048
3282762240
131743514624
65893703680
12752826368
20970811392
24214224896
116506624000
107278
36631
231082
984025
10583
43257
185321
41977
14303
76771
413735
36583
147852
596373
1753554560
63690
331728
1754482
14281
75760
137869504
250674
724907584
3167504896
123043
63606
328338
499374016
1065566
2904241408
12179007488
646369
121489
184930848
978277056
5173833728
640032
819640960
4310103040
22302089216
1568568064
8315077632
206931
36246
782523
976632
10529
290283
321916
89639
66674
79882
1359285
35563
768286
940803
3023559424
248721
333724
4832593
66326
78778
237872768
1344873
4154924544
5495193600
495944
243996
321795
857680128
4563096
12446905344
20909973504
2236193
491379
1442031104
1784353920
22899202048
2135791
5325337088
7539291136
104836038656
10870441984
50368503808
