79990
10214748
10303038
15145839
7491903
441586
55615976
11001
1571664
35763280
9367
827435
174565
708435
302688
708184
507242
169132
11866
507242
1303154
87089
31476
749845
263105184
92922
176719
110026704
10973620
139859
30153
8396506
54115
19963
28
19
10187456
132346
79748
10187456
10214510
73789
60171
4156579
587
2730050
92242
11123
302059
64758
64698
11114
90259
40703
284256
86230
563774
311618
33017
44747
2718222
33663
86177
2556828
1056687
26567
68841
673319
4190
105
68841
2670
173540
35368
685029
11122
261481
44613
35333
684479
174863
44569
174676
170492
33788
11049
82279
33788
241377
-6231
214181
36668764
29686
69857
10748
54291
79
28833716
13041542
10564
3859
9487605
325073
3695785
89714
79990
18281022
432675
3695785
18281020
48561
138397
11065
66146
1074279
74605
97753
719653
1220363
1056687
35150
1636666
36669
79990
225058608
1220363
1056687
1636666
225058608
369714
973701
29796
417949
38378
67282
20719250
295795
774605
344398
16391330
228192688
10926108
133117
12436428
208195
28813
46887206912
163125616
7817142
8919414
32046721024
263105184
58166
19635
74404
62713
28
272674208
175699
19
62
-31814936
2260123
3534478
23544
1056687
34163
78555
561598016
2164175
3384617
1013265
535256896
39757
10238947
115449
5607
163
72450
8929989
33471
8630487
4739
7445439
39445
10238947
81003
5563
119
63466
8860097
18431
4837816
2678
3663244
35520
642743
878592
59281
71356
1188882
199094
286007
3895831
446652
2049552
10135054
9972276
130444
1330318
41426
79141
1558273024
10135054
9972276
1330318
1558273024
57288872
10231049
88243
4870427
45583
65212
17374578688
30823856
5572631
2655813
9323206656
9602
61504
3571199
65318
-7886
349392
1900818
129675
441
1256
18020
59370
372
15766
9492
5701
214518
1347501
151642
41876
941208
362818
294287
-393415
4750253
38184
1350421
82491
3728163
75624
4042647
634605184
1156267
3181583
537999360
870961
187244
15847761
10168
133360
64689
479568
65619464
7981021
79849
32594588
3539086
1495
4049342
545
1048196
1964
3567
654716416
7655
3080
33297
23865
32029
690111
869681
2566
56299
40731
55805
66655
1306783
8567
138492
117891
190818
268120
4081930
14727
17801
251538
458422
52315
75357
795312
2002587
125911
519158
418449
15417741
43746
171245
103951
342
9705
4455
41640
139
45071616
116485
418449
9984538
15417741
43746
19986
103951
342
4455
19659204
45071616
116485
9984538
19986
19659204
759761
15882160
11021990
20510
37111
21808
33
1056687
27063
5700
263230464
103664952
133
2550910208
52869
3923
4446104
96
16
5064
40200990720
800
152
-276074272
-452832
1691693440
12053352
8972
3476422
21004
10714
3609472
80414
4115
124
72780
9271002
3431466496
10174402
2163801
7573
2934983
1878765
9062
3063709
3494
3129674240
7770077
2895591680
1793532
1562336
2657720832
21832
2262407
3538825
1598
38431
46343
2592
1056687
11217
43615
2024738
2772103
815
561451584
4225
10193
2337035
2030
7953
31741
490634208
-40364
15676
-58026728
22059
21986396
1782230
64221300
15195246
136040
951055
432395
38703
3937693
76599
70119
604173184
146299200
1343585
17111355392
47117072
11181857
54290008
733302
344573
2924271
125639966720
443688800
107636176
12529115136
40050232
93528719360
253262
263105184
15591713
124744
426937
62354
4972
16000267
218822
66342
315426944
21251036
172343
78084227072
172810800
10282508
31436820
295996
44898
10618838
74746839040
207349264
14009869
51207307264
20738292
50105917440
34135
90015
11027
42504
451130
79990
33403
295672
1026861
16168
416599
451130
54888
656960
1026861
301984
1449882
29679
3751
396
1564
18789
68705
1189
11349
42388
474
16521
14424
678
24551
35282
7434
34096
587
70198
54807152
3646759
216805
67029
15987728
2269
1541793
73169
34360168
2324969
11817916416
10134946
938425
57663
349664000
7336907776
178128816
587
90447
2737086
3728360
35150
79990
1056687
2865
69339
73485
2737086
3728360
494277024
1056687
69339
73485
11662988
494277024
11662986
587
87674
14391
3723667
179
78183
5549
2816
364
73466
13708
3550466
2593961
5292
345
71210
61221
2461524
58241
10976
18027712
2723505
3691289
81420
5410034
5160082
59753
1051815
31767
72692
822421
292646
387700
-6174
4658428928
4599694848
16070405
488160512
2428575
3295251
1150973184
4962031
4725915
939105
433183840
323696448
735762
25466156
261807
345371
1559997972480
4160031744
4043609344
436115616
1028633088
-9957777408
383172160
350974784
69824128
1370673381376
-11299872768
3282
300406
116837
142548
11098
3536545
4085224
68600
1055926
25994
66931
250661
129013
124910
4121
17099210
17705904
200416
7062996
75289
99350
662157248
2213301
2591603
669596
44703028
63987932
183149
17126228
82812
47253
2315847168
10699297
11120671
4422722
393973952
11249720320
31116416
34389592
11574476
1443154048
7901924352
174623
34227
878592
11049
327818
3728360
80926
349831
74169
34227
878592
6899132
250404
1131713
349831
389704
-7233
18453060
393856
3133899
1131713
914623
216412
70247144
3301690
5898239
27531350
-3807580
307823
15537783
44360208
-22162340
1007761
49865196
20788776
30996044
26719
29561
681843
2938
30797
132778
10475
165778
67640
8918
86106
299520
76018
505897
46803
112141
3230
761556
14360
100815
169608
259185
7756
1295671
33290
193459
3476605
11524
49081
576283
16530629
-2049653
290733
1363047
4320742
10884513
1377
2962
59511
3078
42518
123223
11372
349831
79990
799
9207
8043
3299
134294
91903
112929
3582
924411
82553
123223
41724
58168
3072
143501
8833
8043
7851801
7448
81827
924411
6162636
-180745
60289
392128
10553324
6162637
65892
18003
2994
9570
760
443154
36595
1554
69976
17736
1363
874514
152212
2111
1419
387191
13051
13242
1256
365205
2366
-28642
31135
31229
4796
725381
143530
710
209760
10288
118532
-32553
973178
9282
156074
92236
4397
34765
669445
10962938
170824
522
10034
60564
35027
1731
24716
289888
1531
202668
3060215
124759
42096748
1042136
10962938
2927
10165
144511
4788
1568199
28337
289888
12462275
455276
3060215
42096748
700879
24186
135946
1568199
12462275
700879
16503
24994
125023
7467745
85586
2701
11630
13805
23936
6232
20992
1027561
7388
33795
1693473
98819
8769408
127379
3912517
3384
8626
404137
18400
1268492
18161
526353
1700518
26654
884754
4530849
479665
12282
175180
691346
583522
189291
170392
35407
204347
43556
169717
10915
86129
17379
137
34686
200044
39213
99442
60467
12424
122843
49642
306784
43552
17027
59183
10944
121058
48598
299054
39202
14364
141042
12546
49654
14083
137846
12320
48608
14373
14092
4192
22360
74159
7429634
74660
616
1927
7807
21940
1429
3477
260531
1082
19745
1532645
85468
3881292
67941
2951576
491
1289
91950
4097
207913
1520
95532
993975
21834
593494
1411108
78705
1612
24632
76274
267707
19680
174623
34227
708435
876148
15900001
11049
302785
326906
72040
348888
1343762
34227
708435
876148
15684884
231154
1128662
3876755
4227256
70291744
83094032
72040
348888
1343762
2590750
231154
1128662
3876755
4227256
70291744
75310064
10285575
22185008
6686636
395467904
2590750
10285575
22185008
6686640
395467904
899611648
899611648
65373
18692
534375
594050
10238947
9854
212413
149753
65910
320289
1344066
18252
373936
268203
5183556
127182
435052
1878019
2749080
45997224
51021032
63346
289989
929108
2358167
127415
483186
1886236
1833060
32889482
16976948
3706239
7511623
-69387792
202204720
2271101
3673449
4470192
-67203696
118607936
-361574848
-480325152
25840
34009
706156
683523
15621103
3194
62091
29488
72040
186977
966186
9752
153003
82946
2522225
229712
586623
3796604
3053386
69093560
64008880
20805
51058
181840
1319114
68778
188205
1050550
576678
16098797
7742600
5223913
21523522
24979174
285663744
383426
1585285
6095392
15214312
50911080
504874176
130111872
174623
34227
213107
101712
15900001
11049
91807
33884
19063
145883
57655
34227
213107
101712
15684884
65589
478570
3876755
198219
21226120
10316362
19063
145883
57655
282729
65589
478570
3876755
198219
21226120
6596338
941598
5970719
-1062564
17357652
282729
941598
5970719
-1062558
17357652
58123072
58123072
134611
20272
2358
595563
9995298
11041
1050
327564
317
349831
6181
20257
2357
595086
10053264
2620
479253
1945546
37167
214680
49898912
317
349569
6176
91667
2618
478918
1944232
37136
214519
41259232
39312
241854
-70833344
2614585
91600
39280
241650
-70800824
2612533
33846764
33817820
87895
34103
664320
5313
15876300
10700
198085
1448
68637
497
13141
32365
476995
4034
8717116
220201
1536
3866066
37637
65654352
647625
65325
475
10459
4003
213325
1548
3614245
32009
51213136
398573
11927
20906204
223364
3557852
3889
11765
18972028
126737
2936636
1217578
1096095
86337
708435
878592
207750
146804
430205
40612
1347501
79990
498727
416911
973808
284577
4239024
910052
2324865
352604
2513091
284891
430205
2839507
4582659
917532
8240767
-115381
973808
32118796
-396390
2324865
2513091
90871272
21740902
4582659
8683198
32118796
90871376
61438
531745
593368
200912
141907
416163
31585
1347501
62220
350624
252467
821825
132263
2747536
878335
2233744
306562
2385265
179183
223195
1723452
3073685
371645
5930712
544158
253195
30819440
-644725
932745
950290
47290812
13390656
1425287
998321
14647762
20832756
87844
213107
691631
61602
100738
437634
28127
285317
51156
146372
277136
990747
230581
919097
166063
768287
80552
2012369
-18921
133378
525774
1208109
123072
5349851
-59541
313477
3366749
38325
222715
483363
5546372
4374628
322736
926748
954988
99813
28319
708435
101712
67819
10515
137476
12068
217931
73844
168081
32348
310833
86175
732818
69743
825877
103123
220276
32841
121909
228426
1762412
218478
360445
131718
269881
2930625
103789
717540
188404
8275407
1612016
1572445
542869
2818250
6185016
28676
708435
3484
68679
193
141310
13017
5343
79990
170116
566
322329
91105
16810
1229
848274
108200
4282
375
141310
3916
1794649
243881
9457
291
322329
45174
-110
848274
4282
141488
25094
1794648
15333
45174
141488
19581
534375
595414
63278
44968
129882
9509
1347196
61700
115173
82797
230131
41251
2755493
286040
784173
88602
1006760
59375
67366
577899
1164664
68829
1590499
211270
97708
10405505
-106697
330381
428585
18856250
3809901
577536
660515
4656623
10023532
1738320
156407
39410
1564201
443795
132567
12654
443795
260624608
126864
225799
175378960
263105184
146157
249596
211847712
10958063
169975
34908
10957580
11012092
164482
33434
10664791
595563
107165
134716
327818
345742
595563
90388
345741
15760801
146573
74838
12952682
10187456
132346
79748
10187456
54599432
215426
69464
33800608
784363
214910
10631
625642
53522904
256663
82796
46883632
293572
47958
464827
2172533
35150
46174
2172533
2737086
29479
76560
2115417
708435
878120
174623
1346785
302785
327642
4366448
708435
878120
1346785
4366448
523960
467113
133229
966614
299866
261830
2044049
523960
467113
966614
2044049
508238
11008044
160447
105010
11426
33325
35476824
471521
10183848
97524
32824334
1799380
11023440
146428
373055
38987
30734
131161912
1492587
9060890
309823
107831400
1458221
7491903
85421
373777
35533
24335
100625200
799449
3749076
199246
50362784
87758
878592
149224
40627
425407
283770
286597
48240
126798
593221
309950
85667
560652
225038
414205
169528
153146
447039
42246
79731
2693748
297212
447039
2693748
372542
1056687
29897
449586
39095
73023
22646644
288574
810511
366286
17212688
259459936
11031325
114686
13944118
203879
25281
50947055616
148065440
6302206
7982261
26305153024
166803264
7466903
127060
14111005
272764
33990
33925840896
157631968
7057714
13343005
31833825280
63150896
10789473
81668
3539086
53575
19497
13593781248
22287656
3811939
1261959
4425642496
2145106
3428975
24212
991009
34028
77665
510431680
2145106
3428975
991009
510431680
2260123
3534478
23544
1056687
34163
78555
561598016
2164175
3384617
1013265
535256896
22064
534375
593433
134716
57248
62343
9820
1342874
302785
326641
135241
140987
22064
2828262
534375
593433
440385
57248
62343
1342874
1114777
135241
140987
2828262
440385
1114777
23521
534375
595563
134716
60902
66928
10451
1347501
302785
327818
144177
151475
23521
2838062
534375
595563
472795
60902
66928
1347501
1197979
144177
151475
2838062
472795
1197979
32926
643969
877491
174623
52380
68240
10062
1267847
272538
327404
181873
276520
32926
4062559
643969
877491
449594
52380
68240
1267847
2193921
181873
276520
4062559
449594
2193921
31341
708435
876148
174623
55412
64851
9578
1343762
302785
326906
190226
262784
31341
4356641
708435
876148
457958
55412
64851
1343762
2166472
190226
262784
4356641
457958
2166472
261937648
15835822
107576
16322646
198334
65620
79272714240
136456608
8312205
8675822
41221177344
61806752
15733792
128799
3885073
68133
67264
16850153472
42707936
10904435
2715585
11626603520
257955536
15146993
143544
15813591
249891
72732
75786289152
208072320
12246298
12831629
61075644416
20296060
1231808
7123
15942472
251762
75952
6538758144
17415642
1057385
13740970
5609655296
217427
969099
103909
35459
625499
332203
21819
-28764
201898
1290529
149912
35516
899934
304797
219004
-351584
725674
59280
5252740
37432
423656
73449
586672
67436624
4128220
353433
52554196
54226280
267677
16315184
85050
3688988
77159
50259672
11975742464
15132744
3423847
11091469312
265242
68385
3720602
11070
134380
69267
195166
15379398
2631911
101954
10800936
47212440
278966
16181874
46989
3115494
79990
47212440
11167409152
16181874
3115494
11167409152
952396
281788
16322646
13032
141627
79961
952352
71626064
16322490
141627
71625864
14073582
237005
16270766
29244
1050691
72079
10363955
2558221312
12048818
781614
1727362688
1123314
16322
1336340
11054
1046122
42401
22318
160845632
63085
36135
1218432
14111005
281859
16322646
35150
1056687
79990
14111005
2572179456
16322646
1056687
2572179456
21234
21104
534375
474631
2870
68626
32808
53311
39296
972339
6771
124819
62038
129661
100767
2073356
16840
12412
202753
268638
42699
31084
446414
742200
86391
234963
23865
32029
690111
869681
2566
56299
40731
55805
66655
1306783
8567
138492
117868
190818
292372
4179397
14727
17801
251538
458422
52315
72861
794822
2052842
125911
542567
88087
35355
705409
689616
10910
212879
101479
64836
44638
972339
35162
509564
283397
216267
192195
3154287
63007
43297
612187
304397
212257
171286
1899886
1360003
292963
1288090
173433
31115
700172
107877
10088
298797
64978
30962
696953
52822
208050
-41850
40060
64649
206985
-41292
40182
-1163157
-1161203
69894
20525064
4008
6330
2935102
1930
36448
74078
231390
154
143393728
32926
54085
19365760
15568101
3041
1043490
2294712
1489
56345
168594384
108781088
24888
14175386
792907
130940832
1783207
61688248
55378
59348
905766
1859
29278
17144
43140
81
578403584
653803
392044
68391296
9628711
8681
267719
237111
386
2812
593935424
91259096
102972
8061230
42916
124063768
263105184
15370768
58498
99416
15757234
74830
183927
5418
60427
118
77082697728
274232000
123005768
13275004
7249667
27388
13227689
7541862
35110
2613
104350367744
35967885312
112943400
5617672
4891539
52924514304
426619
162417824
10238947
13683
867127
132023
3378
15932850
42498
19310
448144832
32347512
11777
47483400192
176426
48284
65667232
31495
8396
120761
99682762752
506800
137537
1538471
173298
4123670784
29417
167312480
10238947
132567
61502
9101
852
16322646
281859
79990
32135264
2229365
29417
49002545152
167312480
10238947
4626206
61502
9101
16322646
7197345792
32135264
2229365
49002545152
4626206
7197345792
544886
256072880
15478871
115315
944600
140435
11201
16322646
212568
68110
682522112
46633900
342908
77517881344
153999040
9359965
71040304
611905
96307
9960800
164784209920
410576320
28170228
46554689536
42965324
102374785024
26839
25750
2514
11714
126996
79990
7732
81974
289628
3331
96144
126996
9044
211725
289628
67058
344416
587
89967
2723505
3683413
35150
79342
1049719
2843
69335
73487
2723505
3683413
486562112
1049719
69335
73487
11580114
486562112
11580114
170400
30833
878592
9719
319850
3534594
88312
315344
77821
30125
856908
6533304
263108
1112201
308040
326321
-2837
17431122
426220
3534594
1084215
804134
202127
45601004
-489679
6533304
23507106
-3375127
355988
17431122
43295568
35223048
921994
45601008
19885786
43295680
20875
17838
534375
588316
10042696
132567
3049
67470
47354
62901
302600
1330925
78661
5776
122658
90028
1629353
15584
121376
431590
1745787
5752
2757610
45139328
708715
49509248
747553
10042696
19943
89476
300936
2227831
40900
163855
563604
-11289
641446
10592614
119999
7460088
32792
1629353
3789276
6812734
32968
-64830660
8988786
1745787
195072512
5817043
45139328
49509248
700359
1232079
1637462
25085
-19814430
1842397
563604
36104712
225993
10592613
7460088
-360345216
-17349240
6812737
-64830660
195072512
-179311728
1366296
1637461
-19814428
36104716
-360345184
-179311808
171974
31154
708435
878592
15900001
171245
10023
298801
322709
65910
321101
1347501
79990
30804
698943
865005
15452591
100924
210825
1065590
3409709
4151
4328302
70291744
1095148
83325024
896246
15900001
65176
317447
1329214
2364155
208523
1049420
3375332
4343
4270536
69388912
1079420
82081696
883761
15452591
10633812
20372748
-194810
-12077836
7746431
3409709
396565376
7017903
70291744
83325024
2337759
10499620
20102722
-190262
-11941204
7631322
3375332
390961088
6948395
69388912
82081696
773200384
29499636
20372748
-12077898
396565312
761944128
29367774
20102722
-11941271
390961088
773200256
761944192
66678
19664
532208
592167
10215742
132291
10681
216472
153013
70061
339704
1342297
79990
19555
380911
280655
5286268
70696
134327
499839
1948788
-12521
2772594
45792632
705124
50861356
752690
10215742
68462
316918
948943
2521977
137175
589629
1874946
-18732
1908607
33502344
377351
23613432
196605
5286268
4311137
8088595
-253593
-73539432
10871726
1948788
201804288
5837392
45792632
50861364
2478141
4118573
5422393
-35278
-54646100
8251556
1874946
120829216
1419703
33502344
23613440
-334372480
-9528372
8088597
-73539384
201804288
-490950464
2913736
5422388
-54646096
120829200
-334372480
-490950464
27848
30815
703305
682920
15142510
169963
3181
67160
32027
65910
172095
969909
76034
9693
165335
91340
2624688
9303
208567
553906
3265200
4275
3127140
66940208
1093161
62368184
925409
15142510
20820
50641
197977
1203587
68107
194534
1058287
-11003
638137
16854714
191453
9123277
113748
2624688
5285430
18975918
-189516
17481424
3659903
3265200
281789248
2727677
66940208
62368184
381511
1536888
5706478
-82866
13555522
699956
1058287
53801096
487004
16854714
9123275
479326720
17491496
18975918
17481436
281789248
124020168
1208015
5706478
13555522
53801100
479326720
124020128
90623
708435
878592
217939
154097
450261
39067
1347501
72554
524627
439483
1019460
283610
4328302
957230
2458368
350297
2708912
258496
362914
2991183
4873846
828096
7439542
21798
862825
33973076
-492064
1869090
1998501
98347576
14187440
3767120
6000097
26916528
51584528
90156
33927
165509
876256
10611
47123
152918
42232
13197
68032
302810
34395
113124
436107
295768
45789
299634
1023790
13060
67516
16181
195801
79651
296720
103807
46163
271769
96917
676889
40975
50123
494857
107462
18795
-177041
-266996
433224
41406
1820352
3702176
800270
1171835
172255
33820
679269
874111
10516
288315
324272
89487
59790
68241
1278387
33482
672125
864589
266792
199903
299075
4110144
59191
67559
21333
1264966
560513
431493
459851
197882
296050
-20088
4066302
890570
-445428
2048335
455124
-85806
-222372
-1678878
2026882
240609
4117124
28983436
1828832
88504032
