81305
13953774
12097331
19941940
12985921
486504
90031584
11171
3610411
59471704
9381
2097002
174641
711163
304732
710804
902560
193197
12084
902560
1426387
141555
39379
1367669
381263392
188103
301534
368272512
18852304
191507
36314
18648940
886753
148400
881
693305
13935951
147598
81167
13935951
13934720
142152
78177
13417416
624
4205580
83911
11217
304830
65452
65452
11193
95782
44993
290651
93641
602321
309105
36159
79906
4166974
36526
94750
4145998
1217799
36030
79798
1195239
41709
871
79798
40936
174002
36627
685535
11217
263502
46112
36627
685535
193688
46112
193688
171211
34397
11329
94482
34397
220302
29775
253929
60371408
489540
141687
158647
91691
851
289167872
57940088
469825
152258
277522272
323640
4832452
95138
81305
21176124
536533
4832452
21176124
105625
237942
12692
77371
4441057
358587
229681
4286873
1741789
1217041
36711
1967264
40191
81305
221327104
1741789
1217041
1967264
221327104
404521
1140929
35483
463119
41578
74185
20271984
393004
1108448
449935
19694866
345358848
18801460
191088
16382752
277756
36124
52466761728
341170880
18573466
16184088
51830525952
381263392
946711
145036
887630
232496
881
2724764416
283954976
705085
661083
2029332864
3839614
4638065
29921
1217041
36638
81143
615410112
3831996
4628864
1214626
614189184
655479
13959901
139139
55777
1120
76627
92083896
617768
13156752
52568
86786072
653221
13959901
143097
55585
1148
78806
91766720
633151
13530978
53877
88947160
36733
650009
876146
60500
70468
1200669
205778
308328
3911342
425134
2051079
11900367
13699366
145799
1121424
43266
80495
3028604928
11900367
13699366
1121424
3028604928
119210368
13959901
140376
8155714
72075
77308
19688318976
113351104
13273764
7754855
18720622592
9928
90521
4707156
79427
22292
555598
4598480
276622
1241
1752
35471
74625
4732
72051
32650
51123
217343
1349799
154413
42419
943993
410167
673258
4965886
3225688
42993
1134361
95265
4883530
80744
3203450
687586496
1126541
4849863
682846208
1413979
297867
18860932
12496
234151
79169
1376846
143152672
18365612
228002
139393248
4062047
2218
4716671
842
1208412
1850
93177
510805952
108193
27719
11717188
26849
32868
697989
870213
3551
63412
83011
57227
67021
1320684
12474
166958
248618
198897
297296
4193459
21971
40569
521833
446727
80999
173831
1795984
2203358
291027
1402824
717625
19954068
709896
194739
97240
5761
10349
28651
43291
887
59447232
2164401
717625
90985624
19954068
709896
180712
97240
5761
28651
337674560
59447232
2164401
90985616
180712
337674560
591104
21169424
18888084
152255
29903
24725
377
1217041
63570
28703
153691424
81176232
462168
2809940992
16551785
14768069
5365989
23380
19332
951570
27221088256
120167064
63469436
2197014528
4195518
21283409920
19222554
143492
4554627
29559
158193
4746147
93944
40695
875
78459
93102280
3525315072
18952270
22876742
141474
4490586
18034552
155968
4679413
40123
39257079808
91793192
3475746304
22555078
17780974
38705094656
51200
3839614
4638065
26898
76131
82034
4176
1217799
32935
72943
4675545
6559231
45935
615410112
3444750
4161089
4899388
68302
73598
1092561
1185090944
4194716
5884683
552121728
4395538
1063216896
1942807
87295504
20447570
191573
985694
480382
42256
4593784
95494
77832
777532800
154501360
1918429
14345700352
86200112
20190990
63867536
973326
474354
4536141
127151423488
767776256
152562656
14165691392
63066128
125555933184
380775
381263392
20817274
186369
558875
87996
5026
18880512
298755
76509
567513792
36164156
364411
78039695360
364878304
19922632
52254528
534857
84215
18069104
173866369024
543124416
34609972
74685874176
50008840
166394314752
34751
90928
11161
42898
504271
81305
35571
272684
2128654
56395
546167
504271
16894
2022662
2128655
305383
1667384
30377
4386
244
1898
21621
77772
702
29086
76902
1324
54908
20682
4354
92164
73561
46911
167035
624
94151
79539304
4768608
306388
77871
18758966
7793
2085564
111353
78065888
4680273
12055499776
18411468
2046930
109291
508961568
11832179712
499533312
624
95929
4205580
4883550
36711
81305
1217041
7940
123384
113268
4205580
4883550
535001280
1217041
123384
113268
20987752
535001280
20987752
624
95386
210859
4883263
1170
80783
55227
7896
4307
113282
209667
4855653
24696206
54915
4283
112642
875425
24556576
870475
11223
35566484
4178233
4833598
87210
9142750
8207445
70387
1212044
33553
73935
1450332
833608
625635
27630
5897573888
5162090496
32507724
529321440
3818899
4417903
1455163392
8356462
7501595
1107807
499653088
691187008
1325602
79622240
761917
310233
1651295911936
5390375424
4718145024
483799072
1330017536
218351304704
456682304
533925792
44891856
1509282545664
199572815872
8016
446277
228007
245353
12458
4062047
4748430
90573
1217041
34382
76147
1167119
668845
471747
28862
30301562
37907092
417968
15014352
213543
229789
514611136
3804372
4447215
1139838
154775616
188062496
1093083
45936744
626417
352290
4963544064
28379396
35502472
14061922
481966976
72638685184
144957520
108042952
41689200
4648684032
68030865408
174743
34796
876146
11329
330526
4883550
93666
340421
79387
34796
876146
11006542
221588
1825970
340421
628218
29518
21687340
542396
4768379
1825970
2264841
258061
80603336
7052675
10746971
61909408
10907768
337530
21175878
281723808
71425296
2556316
78187816
65504160
275079936
29643
30353
683873
6815
62403
222985
11682
168978
76516
21623
189612
791854
73113
882889
140749
415922
24606
2725267
215290
209852
554178
925643
77391
5739960
1122017
745217
7479070
823702
300714
2564759
84764256
5610476
869874
7924723
15769426
79771936
1729
2965
57723
7103
89912
208881
11877
340421
81305
2053
20479
51137
4002
222599
258298
451452
31168
3756701
316065
208881
127269
119913
5282
1039862
104171
51137
16961242
1672455
322464
3756701
27938122
1466932
123242
1638667
34619672
27938114
66179
19257
4570
9248
1027
487436
38162
608
73498
18207
2668
1214110
183600
1976
537
475769
44178
19723
1686
440632
1739
1219986
46060
249086
31976
1097531
70574
15158
253618
17829
272718
40996
841554
244456
95530
246531
4726
36069
679050
18834056
194567
636
10917
61913
36603
2136
28055
324728
16737
210749
4301713
95317
50423960
1536991
18834056
3770
13204
196083
7277
1854713
94573
324728
23735056
827451
4301712
50423968
1430829
43613
328200
1854713
23735056
1430829
17659
25924
163527
12971913
142419
3438
11319
13636
35442
8169
28027
1295469
31759
43698
3001870
101999
12381212
204135
12523807
4711
15469
834616
27212
1997503
61465
1250718
4835660
174408
2898173
11953511
1823281
72993
1236407
1928501
4668615
1760297
170708
36699
169768
709601
189340
10994
87330
10983
864
35860
165987
378731
209005
34813
161069
95808
361488
340397
690790
10756
34020
148196
94808
354009
332850
368691
114003
128119
156799
351905
112100
125820
153317
344624
110981
109128
4578
23406
68412
12920188
142515
707
2647
10421
35656
1720
4620
302740
9718
23595
2943350
90460
3981852
141355
12549162
726
1688
160580
6272
309227
5812
294047
2214023
136225
2858826
3867507
150520
9935
188251
300347
2150443
146198
174743
34796
711163
874572
21170192
11329
304830
329860
74354
340163
1347349
34796
711163
874572
22182848
283617
1824846
4331423
4294010
100171488
113808592
74354
340163
1347349
2993526
283617
1824846
4331423
4294010
100171496
93890208
12409416
45154112
171354752
464936640
2993526
12409416
45154112
171354752
464936576
3618547968
3618547968
65847
19872
535394
607459
13959901
9442
214636
146662
67991
308239
1347601
18522
378243
269872
7199821
155053
731617
2226954
2944327
64530100
65598260
63465
264845
892825
2745352
138969
570761
2181297
1927254
43420472
28016856
4628335
27875672
94288416
319923584
2277483
3517302
19936946
84193512
198872624
2775778816
1597854976
29193
34702
710307
684271
20892940
7643
69667
61025
74354
191903
998120
24593
185667
186751
3887358
282778
1013271
4205057
3160704
97835096
88112144
52410
156691
389897
1667969
185837
649746
3596537
1358913
23233992
19777442
6488155
43827416
95799440
318120640
1207857
5325607
27649822
113793848
143806368
1847668480
879032832
174743
34796
176226
100908
21170192
11329
92084
34828
11719
141819
34709
34796
176226
100908
22182848
39392
771116
4331423
100930
22545018
16480935
11719
141819
34709
155026
39392
771116
4331424
100930
22545020
13718480
767810
5773318
68078792
8998330
155026
767810
5773318
68078792
8998330
147183408
147183424
135111
21788
2046
608469
13577898
11296
1055
329890
433
340421
5943
21729
2044
606946
14173034
1059
823026
2451927
14523
268697
64211808
431
339151
5928
28222
1056
820625
2442451
14483
268455
56344892
50207
282506
102630048
1766583
28134
50061
281812
102271248
1761662
34559564
34473880
87942
34759
673067
5718
21161362
10791
202613
710
71128
292
8071
34276
482283
2165
11815598
270642
1354
4326559
24740
95010848
739739
69880
284
4756
2467
253524
1287
4495241
15327
66421496
271660
9073
43344800
237540
2777469
2363
8891
38544496
219977
1662418
2136992
1488301
87175
711163
876146
210687
140324
468461
41347
1349799
81305
502095
382146
1987916
271063
4301180
851385
3317403
395885
4585910
620215
468461
2730856
15136634
997147
14498980
1322792
1987916
41556640
4537250
3317403
4585910
332718048
24838074
15136634
18169626
41556640
332718048
64467
534173
607541
211379
143105
473473
40186
1349799
78857
370051
262033
1168775
193948
2944814
869825
3341595
385571
4645348
612126
459219
1869722
10680408
713405
7966059
1625221
1133589
42460108
4479179
3240995
4505498
215265872
17756100
10358870
9235658
41181832
208785184
88302
176226
690670
42144
104505
481420
39149
265055
76066
89316
278911
2037501
254022
692148
104974
874913
80413
3169998
445511
450404
276863
3190780
201142
8020814
1116530
1906231
3366008
382953
818546
2965767
22641122
1349553
2985209
11221730
3149149
21182436
31711
711163
100908
75431
33237
235439
12931
217275
79227
202269
97926
824259
74671
719883
212598
2082132
114245
1481422
113532
232106
731020
6185081
1100972
6549967
784419
812588
10486982
1048834
2052649
1460446
60350316
3600754
6097500
4624862
10338486
59495740
31854
711163
4536
75737
535
242476
13159
8355
81305
203353
2051
851411
74489
33413
4659
2125588
117484
22929
1745
242476
20510
6312479
1130113
230009
30381
851411
185977
38009
2125588
22929
1532462
146761
6312480
187110
185977
1532462
20839
535394
608341
68975
92439
213898
11685
1349546
78616
132844
182718
490402
67578
2948558
595865
1977098
95957
3877104
314716
207193
1353737
3963306
744210
6498255
1454308
475030
25434410
3363507
1915125
3755575
78407344
7164047
3839075
5346176
24637166
75949632
1873651
192505
41519
1855438
763791
147633
12866
763791
379249568
190425
307688
373804160
381263392
193000
309384
377859712
18871278
192547
36357
18690168
18874328
177199
33362
17174350
608469
145740
135267
330526
1397629
608469
245643
1397628
21059084
191795
80649
20889356
13935951
147598
81167
13935951
79418504
306272
93933
77917784
1182197
265878
11454
1105475
78379584
308071
94423
78002504
298882
89028
594966
3603083
36711
50620
3603083
4205580
35509
92788
4067914
711163
875861
174743
1349342
304830
330400
4374093
711163
875861
1349342
4374093
527976
474170
133974
1001138
303102
263627
2230276
527976
474170
1001138
2230276
977272
18878948
193330
213686
12611
36491
82611344
971432
18766120
212409
82117632
1955366
18888324
189842
407465
41770
35787
130750272
1906197
18413364
397219
127462456
1545444
12985921
143957
408689
41829
35796
100683072
1506966
12662602
398513
98176304
88379
876146
148634
41003
413875
264047
637214
3061551
129272
607148
317527
92713
578555
134256
531196
1455434
154677
499313
42731
81113
4929046
670131
499313
4929046
406916
1217041
36307
502189
42293
80411
22562688
402446
1203671
496672
22314816
380548736
18888324
190571
17910156
304181
35925
57953488896
372404544
18484092
17526858
56713220096
249419552
12970074
147130
17944864
311412
36621
38249115648
248813408
12938553
17901254
38156165120
85740816
18442188
178170
4062047
89856
34110
10681683968
79666136
17135572
3774253
9924894720
3647261
4535363
29981
1128661
35592
79021
567250944
3647261
4535363
1128661
567250944
3839614
4638065
29921
1217041
36638
81143
615410112
3831996
4628864
1214626
614189184
23002
535394
606315
135267
57321
56860
9854
1345274
304830
329409
141260
148937
23002
3039450
535394
606315
380541
57321
56860
1345274
1132116
141260
148937
3039450
380541
1132116
24429
535394
608469
135267
61501
64614
10525
1349799
304830
330526
150951
171306
24429
3050743
535394
608469
436788
61501
64614
1349799
1243963
150951
171306
3050743
436788
1243963
33756
646857
875270
174743
53245
67142
10083
1264608
275876
330210
185603
298278
33756
4079875
646857
875270
427560
53245
67142
1264608
2048112
185603
298278
4079875
427560
2048112
32252
711163
874572
174743
56099
61501
9572
1347349
304830
329860
195758
271032
32252
4368330
711163
874572
413485
56099
61501
1347349
2088242
195758
271032
4368330
413485
2088242
380408352
21126336
189609
19207864
304607
79335
79481872384
371191680
20614484
18742490
77556170752
84119232
20938764
181371
4539486
86265
74848
14329843712
78345104
19501482
4227886
13346210816
373375936
20300304
190296
18750284
309918
78882
75789680640
370681472
20153810
18614974
75242749952
27265038
1512578
9887
18994848
306116
80786
6220742144
27091272
1502938
18873792
6181095424
219980
1004616
111351
41751
663627
403729
483235
3280262
204295
1294858
147371
39552
868373
356909
604500
4072083
697116
78363
8449559
40192
450419
80215
690166
66501496
8365326
445929
65838540
78946280
310359
19207864
94329
4846108
80833
78488168
12264094720
19096402
4817987
12192926720
378060
87197
4319155
12299
225928
78443
368104
31348252
4205405
219978
30522668
71186312
311747
19191518
51311
4216125
81305
71186312
11251924992
19191518
4216125
11251924992
1514290
312171
19207864
13302
245353
81305
1514290
154504848
19207864
245353
154504848
17943842
308935
19155992
36329
1214042
80309
17757838
3125851136
18957424
1201457
3093449728
867498
39275
1120729
33325
1204642
73004
787492
178549856
1017369
1093543
162082960
17944864
312171
19207864
36711
1217041
81305
17944864
3136347648
19207864
1217041
3136347648
23133
21989
535394
481495
3776
76571
69544
53752
38065
1004616
9408
148546
139035
135416
100457
2216667
24120
27803
445684
244565
64122
77145
1044351
712763
201540
684209
26849
32868
697989
870213
3551
63412
83011
57227
67021
1320684
12474
166958
245850
198897
304671
4216858
21971
40569
521833
446727
80999
175216
1801983
2215764
291027
1494957
89449
36656
709646
689751
10925
216480
107145
65452
46134
1004616
35529
517473
290887
222489
204251
3194334
62833
43591
636560
303322
215099
176688
1972711
1457362
292546
1338589
173316
31658
708290
190052
10352
302287
67663
31411
702974
381008
257549
274901
1152362
67172
255693
272413
1146459
1916891
1901830
86531
27422776
61789
9422
3226684
23444
39804
887760
293717
1126
146377376
341590
81930
195284192
25964760
58503
9113671
3055127
22198
840560
1389214208
138594800
323429
184901328
8629116
1315352320
1905148
84148576
901421
182129
930286
22084
39758
200935
87079
1054
702355200
6539185
1781792
511922496
78700040
843055
2347623
870051
20654
187924
4256071936
656878464
6115780
478776064
2195617
3980495872
381263392
20620926
950530
180560
18682454
891211
289442
54567
73444
1102
76706963456
2735757824
353504192
137169504
19119548
881323
123516048
17322214
826324
50594
1095191691264
71122051072
2536571648
127182416
114523024
1015452467200
723883
243693792
13959901
73946
1355576
222794
6215
18801100
152412
40724
970961152
66033428
362578
48552030208
122061432
6992240
135768880
678981
111593
9417100
285288497152
486335328
33074850
24318758912
68003968
142895398912
31350
249682688
13959901
147633
63870
9750
895
19207864
312171
81305
26019928
1785359
31350
49509650432
249682688
13959901
3435575
63870
9750
19207864
3405901824
26019928
1785359
49509650432
3435575
3405902080
1004794
371483296
20634932
186274
1490734
241538
12857
19207864
306032
79706
1575911936
101743040
985035
77574414336
364178048
20229140
151933792
1461419
236788
18830134
507089059840
1544921088
99742240
76048900096
148945952
497117102080
27659
30313
6301
12576
228061
81305
20327
75908
801039
22526
376431
228061
90167
927162
801039
294692
888013
623
95416
4178233
4822904
36711
80719
1209235
7943
122988
112503
4178233
4822904
528000544
1209235
122988
112503
20819622
528000544
20819630
169164
31478
876146
9435
313649
4629372
93838
312782
79255
28833
819107
10310182
223701
1615471
281651
467720
27146
19825500
510679
4629372
1492296
1797097
262561
93675488
2817538
10310182
50275040
9748304
297582
19825500
258308736
65228512
2213703
93675480
57328256
258308736
22360
19075
535394
601730
13777054
147633
7256
74012
101604
64947
291592
1334458
80119
13700
143306
200694
2505609
36521
148606
632558
2088483
200355
2955907
62955812
832822
63767072
1582666
13777054
49791
265347
657566
2601405
105241
495710
1991079
88265
1524126
14747514
316532
24002780
1025740
2505609
4521274
26029062
2632328
84092800
18428712
2088483
309372448
12709100
62955812
63767072
2091300
3954366
14191697
1017470
84406720
12892516
1991079
152440800
7020363
14747513
24002780
2572457472
8918516
26029060
84092752
309372512
1333240064
74004032
14191697
84406712
152440800
2572457728
1333240320
173645
31663
711163
876146
21170192
194739
10326
303284
326263
67991
308453
1349799
81305
31352
707624
865552
22048272
218222
258769
1591860
3828033
172980
4324226
100171496
1631808
114062560
2225434
21170192
67305
304420
1335293
2747016
256370
1576174
3781441
171023
4276742
99628496
1618872
112743600
2198472
22048272
11213148
38443068
3020660
160747296
18220026
3828033
465877376
8923145
100171496
114062560
2716370
11100807
38001228
2997704
158692704
18069268
3781441
460776032
8815508
99628496
112743600
3176034304
61631800
38443068
160747312
465877376
3123051520
60357076
38001228
158692704
460776032
3176035072
3123051520
66976
21259
534999
606269
13951859
147517
10802
219000
155445
72474
330527
1346841
81305
21288
386260
291578
7337915
134456
165128
731315
2418178
209402
2979938
64458076
832806
65508200
1600913
13951859
73186
314348
950444
2909160
159569
615971
2657465
217202
2018894
44250640
445150
33474414
1011244
7337915
5167711
31463142
2872166
95414920
21013140
2418178
319558912
12755230
64458076
65508200
2653592
4351219
24849048
2651306
91146008
15496418
2657465
212104576
8461434
44250632
33474414
3045387264
18458228
31463144
95414912
319558976
1985904128
18429818
24849044
91146008
212104544
3045386752
1985904640
30368
31444
708557
685123
20062606
193997
7343
72683
64252
67991
175893
1002431
77355
23302
193227
193839
4021364
81280
256849
891699
3736820
173935
3174845
96885472
1631571
85887512
1411315
20062606
50361
152064
410745
1544087
175420
591053
3371409
73740
1426675
24065048
515172
26003968
885563
4021363
5958684
36976560
3019975
93552544
8681466
3736820
312127904
7209005
96885472
85887512
1167036
4864555
24811232
1043849
115562896
5365717
3371409
151083776
4968694
24065048
26003966
1675909632
31595880
36976568
93552544
312127904
843078912
42490384
24811232
115562896
151083744
1675909888
843078912
91223
711163
876146
219980
156724
503930
42399
1349799
80248
528949
439434
2132811
271218
4324226
958583
3498351
409994
4978807
669478
498069
3061421
16397545
1172736
53781032
3195730
2108005
46553576
4985534
3457664
4920902
356955968
26549682
16206834
53155532
46012128
352804448
91190
35159
211929
873985
10659
39498
156261
42880
13078
66736
366517
34866
121156
438026
274366
56573
306370
1465063
12605
65599
15412
190876
88698
673962
103862
53818
281940
94806
773740
355486
3210919
667421
103226
46012
675430
2220175
595150
406899
3637957
15600414
2475115
20479580
173927
35071
686766
874193
10701
294261
329215
95656
60971
68353
1292083
34988
684731
870430
225592
207958
313511
4138240
60837
68195
14071
1288016
629928
551933
445131
207449
312817
78422
4123774
2134854
2857404
2227400
444152
357987
495794
6495207
2223054
1295912
6104558
10346129
5826178
34780640
