79851
15856593
1816001
1781566
11031325
1709581
55656224
11102
1091858304
54911592
9538
938066688
200346
781522
303187
781522
7238181
171470
90584
56398576
23872484
162407
85796
53417840
263105184
161399
112903
113197584
11031325
169620
34258
9826402
55549
133726
27008
7746987
15852014
171470
79851
15900001
15868540
162201
75534
15040514
596
2737086
12307329
11102
302773
69907
69907
11102
90402
243747760
130107
90476
1417236224
309751
33805
469725184
2617713
34169
89375
2601570
1018291
33990
78371
999427
1018291
33990
78371
999427
200251
37474
759440
11102
261975
53611
37474
759440
226519
53611
226519
200408
36104
11102
88899
36104
2685197824
249691232
843797632
55975472
43723
164476
10848
86889
33219
45181788
54098176
9528386
2529200
9667105792
322765
3728360
90584
79851
9430659072
4756442112
3728360
10433345536
46264
3668268
86699
76427
9278660608
4552494080
3568494
9985982464
1068430
1018291
34632
3728360
90584
79851
489425536
2636749
1018291
3728360
489425536
1225994
954223
33476
3493782
87560
77185
458632320
2548737
984301
3603911
473089216
234635312
10967370
169242
6777183
118390
34182
30247854080
118698528
9804544
6557134
27774259200
263105184
58056
126430
35875
88441
25535
160119280
88672192
7324356
4898421
20748396544
11031325
15900001
170823
1018291
34501
79550
2309681664
9896115
15840068
1014452
2300975872
58554
15900001
159786
1018291
32272
74410
2309681664
9256734
14816652
948909
2152311040
57906
15900001
166201
1018291
33567
77397
2309681664
9628347
15411468
987003
2238715904
37474
710135
959898
63608
79422
572738
234223
341026
2072261
165509
789711
1807364
15731744
171470
7377706
119948
79851
32813195264
120260464
15900001
7456612
33164148736
105652576
15900001
161729
7456612
113134
75314
33164146688
113428928
14996784
7033031
31280224256
13708
87770
3728360
79851
246520256
512531520
3728360
512531520
243
81601
3715286
79571
229195056
510734336
3715286
510734336
61761
572738
328064
90584
572738
1418925184
4756442112
9352854528
27301632
119121
7456612
89959
3728360
79851
27115772
5806808064
7456612
3728360
5806808064
3682795
116783
7456612
88194
3728360
79851
26583774
5806808064
7456612
3728360
5806808064
6816704
2744
7386016
792
1008650
79094
152011
1450721152
7386016
1008650
1450721152
24027
33031
765097
958449
9785
296815
327568
68531
79302
571873
33031
765097
958449
252351
340511
2069134
68531
79302
571873
165259
252351
340511
2069134
788519
165259
788519
6007253
3872538
43746
171470
1277344
10854
90584
27032
119948
34632
2444693248
45206040
56398576
120653104
120260464
9933559
23641258
27304004
2636749
6643418
166340214784
130733129728
10078177280
28139735040
5753382400
39194298679296
495674
15900001
11031325
134067
7456612
6816704
93784
1056687
62433
27077
33164146688
30424240128
94028304
2810041344
12431770
7766775
1543395200
5830118
5194305
796173
9357281460224
25930129408
22001676288
1805875968
1145120256
6501699158016
55660256
43746
15552536
167439
10854
3646883
88454
996038
33818
77974
45206040
14801160192
55073024
2259207936
9700088
15526300
478730112
2574776
3640731
994357
2925672529920
9841307648
14776193024
2255396864
477922496
2920736620544
3002405
11031325
15900001
153727
2737086
3728360
81210
1018291
31048
71588
11399288832
15131840512
50562800
2309681664
8905695
14254766
489425536
2363914
3342572
912924
2991035514880
9035348992
13566091264
2070689792
438782848
2681542017024
26204606
54616744
15398416
169318
14668142
3610744
89447
7221384
118442
78849
60113018880
14654488576
55690884
32117944320
118751424
15700488
5623624704
26961392
3681576
7363046
40428086755328
129092689920
14941965312
32748003328
5733944320
41221166727168
3274808
263105184
15609484
161173
54807156
3660237
85144
7320369
112745
75055
279580311552
14855358464
53011872
32558190592
113038888
14945214
5700709376
25664416
3504474
7008847
40982238199808
122882670592
14223181824
31172661248
5458112512
39238217236480
36104
93521
6699
90584
3728360
79851
22495
2736086272
6294295552
254423232
512531520
3728360
859788800
1703500032
6294295552
512531552
1703500032
31686
4202
301
86109
3728360
79851
1010
2600926976
6294295552
241855056
512531552
3728360
817316352
1703500032
6294295552
512531552
1703500032
661
88905
54807156
3634977
281859
77850
7269849
13956363
100096328
27508814
54807156
3634977
5661367296
7269849
100096328
27508814
2637833728
5661367296
2637833984
661
90584
2737086
3728360
34789
79851
1018291
14219777
12307328
28215520
2737086
3728360
489425536
1018291
12307328
28215520
367376448
489425536
367376448
661
89564
14391
3722990
182
79735
1016824
14059687
64713
28174884
14391
3722990
488720800
1016824
64713
28174884
366847360
488720800
366847360
11102
21592512
2736402
3707302
82270
6815000
7414497
108939
1012539
31453
72522
424915264
223208400
509636736
231072448
5959960064
5774010880
24798066
486661248
2394750
3386173
1456315392
6033689
6772250
924832
43796389888
47955431424
717273728
6500974080
207527792
477846592
1640815919104
5225341440
5273863168
444506464
1330168576
9348518510592
39548067840
44516143104
6097496064
1498687471616
8622076592128
10185
14668142
2733632
3728360
84189
6808101
7456612
111480
1018291
32187
74213
581025216
222982432
512531520
236462016
5953926144
5806808064
25376460
489425536
2450606
3465153
1464587520
6174421
6930207
946404
43752058880
48227827712
734003584
6537900032
212368224
488992000
1650135662592
5347218944
5396872192
454874240
1361193856
9401620496384
40470503424
45554442240
6239715840
1533643063296
8823179837440
200408
36104
959898
11102
328064
3728360
87525
324137
77154
36104
959898
6294295552
2643704320
1364697
324137
512531552
245832848
9430659072
4595845120
3602475
1364697
1703499904
830758784
34665906176
16907318272
6849956352
9111367680
4442644992
508370432
10081072128
37756338176
18405216256
1684392192
34075017216
8850870272
36677308416
27042
31979
758701
9833
261720
3728360
84282
187672
74296
31979
758701
6294295552
2545764608
784758
187672
512531552
236725600
9430659072
4425584640
3469016
784758
1703500032
799982080
34665906176
16280961024
6596189696
9111367680
4278060288
489537056
9707602944
37756338176
17723365376
1621991296
32812654592
8522976256
35318546432
25056
36104
959898
11102
328064
3728360
90584
324137
79851
36104
959898
6294295552
2736086272
1364697
324137
512531520
254423232
9430659072
4756442112
3728360
1364697
1703500032
859788800
34665906176
17498126336
7089320960
9111367680
4597888000
526134880
10433345536
37756338176
19048366080
1743251584
35265732608
9160154112
37958955008
91924
32006
4825
9841
1649
3728360
80851
1629
71271
32006
4825
6294295552
2442111232
6860
1629
512531552
227087072
9430659072
4245392384
3327772
6860
1703499904
767409920
34665906176
15618065408
6327619072
9111367680
4103875072
469605088
9312350208
37756338176
17001740288
1555950336
31476656128
8175954432
33880516608
4266
36771
740585
10966092
171470
10894
287305
66336
34632
36771
740585
1694523136
1967514112
244267
440686272
510923072
2445497344
2864907264
9933559
66336
244267
440686272
510923072
2445497344
2864907264
2055163904
808773760
941105408
461647296
2448032256
808773696
941105408
461647296
2448032256
818478464
818478400
22408
37474
225072
11031325
164379
11102
69427
14218
33199
37474
225072
1704603392
1886149376
61862
443307776
489794304
2460044800
2746432000
9522766
14218
61862
443307808
489794304
2460044800
2746431488
1970174336
813584832
902186752
442556256
2346796032
813584832
902186752
442556288
2346796544
784631040
784630912
196440
37474
191871
43629
165627
11102
88058
12723
33451
37474
191871
6741837
1900474752
43972
1753316
493514272
9729664
2767290880
9595091
12723
43972
1753316
493514240
9729665
2767290880
1985137664
3217790
909038976
445917536
2364620032
3217790
909038848
445917504
2364620032
790590208
790590208
5717
33774
102104
11031325
166166
10006
42921
11988
33560
33774
102104
1704603392
1906657792
41155
443307776
495119840
2460044800
2776293888
9626308
11988
41155
443307776
495119840
2460044800
2776294144
1991596416
813584832
911996544
447368288
2372313088
813584832
911996544
447368288
2372313088
793162368
793162368
200408
36104
781522
957229
15900001
11102
303187
327152
81165
323235
571145
36104
781522
957229
3902768128
289134
1360903
1043833472
2066500
5688012800
19036686336
81165
323235
571145
702253
289134
1360903
1043833472
2066500
5688012800
19036686336
3062939
2074657152
18461607936
37513945088
702253
3062939
2074657024
18461609984
37513936896
39305957376
39305957376
91334
33125
781522
957469
15900001
10185
303187
327234
81165
323316
571289
33125
781522
957469
3902768128
289134
1361244
1043833536
2067018
5688012800
19036686336
81165
323316
571289
702429
289134
1361244
1043833536
2067018
5688012800
19036684288
3063707
2074657152
18461609984
37513940992
702429
3063707
2074657152
18461607936
37513936896
39305957376
39305953280
25581
36104
781522
755354
15710639
11102
303187
260565
81165
186844
447330
36104
781522
755354
3856287744
289134
781296
1031401856
1614870
5620270080
18809966592
81165
186844
447330
398625
289134
781296
1031401856
1614870
5620270080
18809966592
1760980
2049948544
18241736704
37067161600
398625
1760980
2049948416
18241736704
37067161600
38837829632
38837829632
200408
36104
200408
108545
15900001
11102
91976
33691
14356
126551
65977
36104
200408
108545
3902768128
48206
531915
1043833472
246821
5688012800
19036686336
14356
126551
65977
279678
48206
531915
1043833536
246821
5688012800
19036684288
1177419
2074657152
18461609984
37513940992
279678
1177419
2074657152
18461607936
37513945088
39305953280
39305953280
200259
36104
2899
959898
15462932
11102
1043
328064
309
324137
572738
36104
2899
959898
3795486208
1152
1364697
1015139904
2072261
5531656192
18513391616
309
324137
572738
704211
1152
1364697
1015139968
2072261
5531656192
18513391616
3071478
2017627392
17954121728
36482727936
704211
3071478
2017627392
17954121728
36482727936
38225485824
38225485824
91241
36104
731445
6118
15900001
11102
283760
2166
75964
392
3797
36104
731445
6118
3902768128
270607
1574
1043833472
13439
5688012800
19036684288
75964
392
3797
918
270607
1574
1043833472
13439
5688012800
19036686336
3832
2074657152
18461607936
37513940992
918
3832
2074657024
18461607936
37513940992
39305957376
39305957376
89537
781522
959898
303187
328064
3728360
90584
572738
79851
781522
959898
6294295552
2736086272
2072261
572738
2811640576
1418925312
9430659072
4756442112
3728360
2072261
12619380736
6367182336
34665906176
17498126336
7089320960
18542743552
9352854528
2811640576
10433345536
74471333888
37621776384
12619380736
35265732608
18542743552
75980955648
87264
781522
959898
303187
328064
3728360
87822
572738
77416
781522
959898
6294295552
2652660736
2072261
572738
2811640576
1375661056
9430659072
4611415040
3614679
2072261
12619380736
6173041664
34665906176
16964596736
6873161728
18542743552
9067677696
2725911552
10115224576
74471333888
36474658816
12234605568
34190454784
17977360384
73664241664
90888
200408
759848
91976
262116
3728360
84656
449992
74626
200408
759848
6294295552
2557060864
1624477
449992
2811640320
1326083328
9430659072
4445222912
3484409
1624477
12619380736
5950570496
34665906176
16353204224
6625458176
18542743552
8740886528
2627671296
9750679552
74471333888
35160137728
11793678336
32958259200
17329471488
71009435648
28164
781522
108545
303187
33691
3682556
88591
65977
78094
781522
108545
6216968192
2675901952
246821
65977
2777098240
1387714048
9314799616
4651817984
3646350
246821
12464345088
6227126784
34240020480
17113233408
6933382656
18314938368
9147125760
2749794560
10203850752
73556426752
36794236928
12341799936
34490019840
18134872064
74309664768
28649
781522
3806
303187
1300
3728360
90584
2271
79851
781522
3806
6294295552
2736086272
8217
2271
2811640576
1418925184
9430659072
4756442112
3728360
8217
12619380736
6367182336
34665906176
17498126336
7089320960
18542743552
9352854528
2811640320
10433345536
74471333888
37621776384
12619379712
35265732608
18542743552
75980947456
25921
781522
959658
303187
327981
3719582
87744
572594
77348
781522
959658
6279476224
2650322432
2071743
572594
2805020672
1374448640
9408454656
4607349760
3611493
2071743
12589669376
6167600128
34584289280
16949643264
6867103744
18499088384
9059686400
2723508736
10106308608
74296000512
36442505216
12223821824
34160324608
17961517056
73599303680
25556894
168939
89247
55566408
7784394
171470
90584
56398576
263105184
167447
117133
117438952
263105184
169668
118687
118996648
11000659
168931
34119
9786496
11014679
154593
31223
8955846
959898
169271
200408
325401
9468349440
977343
2249087232
8484570624
15900001
170088
79207
15771855
15852014
171470
79851
15900001
27186796
117681
88872
26788084
3618724
111324
84071
25341100
27001208
119112
89953
27113824
129761
86127
1349113728
1345293
34632
90584
2636749
2636749
33292
87079
2534744
781522
959383
200408
572430
134282
325401
2071149
360435
977343
566177
2082437
774049
759848
200408
449992
134282
325401
1624477
360435
977343
566177
2082437
7292749
11031325
170007
2737086
89811
34336
11399288832
55917452
9848819
2614255
9992203264
26287980
11017404
165627
2733632
87497
33451
11384901632
54476892
9595091
2546906
9734781952
26318640
11031325
167200
2737086
88328
33769
11399288832
54994380
9686236
2571100
9827254272
90610
959898
328064
88564
959898
2675087872
4650402816
17108025344
189794
959383
327888
90584
959383
2736086272
4756442112
17498126336
150929
3716313
90584
79851
9400187904
4756442112
3728360
10433345536
1226824
1018291
34251
3728360
89588
78973
489425536
2607782
1007104
3687401
484048864
259288608
11031325
167783
6816704
117369
33887
30424240128
117674960
9719996
6500591
27534753792
263105184
11031325
170878
6816704
119534
34512
30424240128
119845904
9899319
6620518
28042739712
54616744
11031325
156019
6816704
109139
31511
30424240128
109423984
9038464
6044791
25604110336
9499750
15438838
171470
988756
34632
79851
2242691584
9933559
15900001
1018291
2309681664
11031325
15900001
170823
1018291
34501
79550
2309681664
9896115
15840068
1014452
2300975616
33058
781522
956454
200408
70003
79137
13290
570683
134282
325401
257769
339802
45929
2064826
360435
977343
164915
23538
72405
566177
786877
92996
308976
2082437
148123
701617
35182
781522
959898
200408
70003
79422
13290
572738
134282
325401
257769
341026
45929
2072261
360435
977343
165509
23538
72405
566177
789711
92996
308976
2082437
148123
701617
33905
703678
958686
200408
63030
79321
13290
572015
134282
325401
232093
340595
45929
2069646
360435
977343
165300
23538
72405
566177
788714
92996
308976
2082437
148123
701617
32409
781522
957229
200408
70003
79201
13290
571145
134282
325401
257769
340077
45929
2066500
360435
977343
165048
23538
72405
566177
787515
92996
308976
2082437
148123
701617
263105184
15900001
167307
7456612
117036
77912
33164146688
117340952
15514006
7275593
32359043072
51918756
15701678
157165
7363604
109941
73189
32750481408
110228224
14573610
6834575
30397566976
263105184
15515100
170020
7276106
118934
79176
32361320448
119243960
15765606
7393586
32883830784
256557664
15900001
170377
7456612
119183
79342
33164148736
119494000
15798666
7409089
32952784896
62663
449992
262116
88162
449992
1380993280
4629288960
9102825472
61666
566788
324656
84327
566788
1320917120
4427904512
8706834432
12055788
118752
7424862
89680
3712485
79511
27031812
5782083072
7424862
3712485
5782083072
27001208
118335
7456612
89366
3728360
79851
26937020
5806808064
7456612
3728360
5806808064
3702371
115484
7377798
87212
3688952
79006
26287900
5745431552
7377798
3688952
5745431552
14176554
119948
7456612
90584
3728360
79851
27304004
5806808064
7456612
3728360
5806808064
3904694
119834
7456612
90498
3728360
79851
27278276
5806808064
7456612
3728360
5806808064
6799458
118466
7438216
34204
1015778
79654
6561384
1460974336
7438216
1015778
1460974336
6813047
106038
7369394
30615
1006380
78917
5873033
1447456640
7369394
1006380
1447456640
6816704
119948
7456612
34632
1018291
79851
6643418
1464587520
7456612
1018291
1464587520
28503
31288
781522
759848
9269
303187
262116
70003
53640
449992
31288
781522
759848
257769
226641
1624477
70003
53640
449992
109246
257769
226641
1624477
516073
109246
516073
24027
33031
765097
958449
9785
296815
327568
68531
79302
571873
33031
765097
958449
252351
340511
2069134
68531
79302
571873
165259
252351
340511
2069134
788519
165259
788519
91497
37474
781522
759848
11102
303187
262116
70003
53640
449992
37474
781522
759848
257769
226641
1624477
70003
53640
449992
109246
257769
226641
1624477
516073
109246
516073
199627
33125
774479
167373
10185
300455
80433
33125
774479
1920506368
286528
513186112
2796458752
80433
286528
513186112
2796458752
1021499648
1021499776
25569908
259510784
58629
159875
54058408
14547
84458
36229
111837
32290
275760840704
60584984
52584876
161698880
112128392
9261848
31683932
25457696
2458450
6194187
222928568320
121892880384
9396685824
26236911616
5364336640
36543968313344
26078888
52551416
55257
160367
14113467
13710
84718
34145
112181
32389
57839845376
57100280
52746828
152398368
112473712
9290372
29861548
25536100
2466022
6213263
210106269696
122268286976
9425626112
26317715456
5380857856
36656518266880
263105184
15472488
58480
157539
7256122
36137
110203
5601
73363
31818
32272445440
161288192
110490336
14896889
14608265
9126544
8182009
6850827
6103698
935563
49605804032
30469849088
25853624320
2122040064
1345602560
7639984504832
7544611
255065056
15900001
85883
53132324
3728360
45370
7456612
60078
39994
271036743680
15131840512
28248286
33164146688
60234712
7963814
5806808064
13675724
1867419
3734784
41744976576512
65480138752
7579066368
16610887680
2908449024
20908756434944
533568
263105184
15900001
171470
54807156
3728360
90584
7456612
119948
79851
279580311552
15131840512
56398576
33164148736
120260464
15900001
5806808064
27304004
3728360
7456612
41744976576512
130733113344
15131840512
33164146688
5806808064
41744976576512
8004784
263105184
15900001
168086
54807156
3728360
88796
7456612
117580
78275
279580311552
15131840512
55285540
33164146688
117887104
15586212
5806808064
26765160
3654780
7309455
41744976576512
128153075712
14833211392
32509650944
5692210176
40921139773440
28718
25781
1846
90584
3728360
79851
6201
2736086272
6294295552
254423232
512531552
3728360
859788800
1703500032
6294295552
512531552
1703500032
657
90584
2737086
3698244
34789
79206
1010065
14219777
12307329
27987604
2737086
3698244
485472288
1010065
12307329
27987604
364408896
485472288
364408896
195679
32500
959898
9994
328064
3627553
90584
324137
79851
32500
959898
6124111360
2736086272
1364697
324137
498673792
254423232
9175673856
4756442112
3728360
1364697
1657440896
859788800
33728614400
17498126336
7089320960
8865015808
4597888512
526134912
10433345536
36735492096
19048366080
1743251584
35265732608
9160153088
37958959104
27902
31689
781522
948238
15639751
171470
9744
303187
324079
81165
320199
565781
79851
31689
781522
948238
3838887936
1967514112
289134
1348120
1026748032
525747264
2047089
5594911744
2864907264
18725093376
9591318528
15900001
81165
320199
565781
695656
289134
1348120
1026748096
525747264
2047089
5594911744
2864907264
18725093376
9591318528
4573282304
3034168
2040699136
1046502784
18159429632
9329362944
1068024640
36899913728
18882299904
5688012800
21241151488
695656
3034168
2040699136
1046502848
18159427584
9329362944
1068024640
36899913728
18882299904
5688012800
21241151488
38662598656
19810088960
2095199488
18605858816
37513945088
38662598656
19810088960
2095199488
18605858816
37513940992
39900078080
39900082176
197364
33125
781522
959898
15900001
171470
10185
303187
328064
81165
324137
572738
79851
33125
781522
959898
3902768128
1967514112
289134
1364697
1043833472
525747264
2072261
5688012800
2864907264
19036686336
9591318528
15900001
81165
324137
572738
704211
289134
1364697
1043833472
525747296
2072261
5688012800
2864907264
19036686336
9591318528
4573282304
3071478
2074657152
1046502784
18461607936
9329362944
1068024576
37513936896
18882299904
5688012800
21241151488
704211
3071478
2074657152
1046502848
18461607936
9329362944
1068024640
37513936896
18882299904
5688012800
21241151488
39305957376
19810086912
2095199488
18605858816
37513945088
39305953280
19810088960
2095199488
18605858816
37513945088
39900078080
39900082176
93157
35138
779812
957329
15900001
171470
10805
302523
327185
80987
323269
571205
79851
35138
779812
957329
3902768128
1967514112
288501
1361044
1043833536
525747264
2066715
5688012800
2864907264
19036684288
9591318528
15900001
80987
323269
571205
702326
288501
1361044
1043833472
525747264
2066715
5688012800
2864907264
19036684288
9591318528
4573282304
3063257
2074657024
1046502784
18461607936
9329362944
1068024640
37513940992
18882299904
5688012800
21241151488
702326
3063257
2074657152
1046502784
18461609984
9329362944
1068024640
37513936896
18882299904
5688012800
21241151488
39305957376
19810086912
2095199488
18605858816
37513940992
39305957376
19810086912
2095199488
18605858816
37513936896
39900078080
39900082176
27596
33125
781522
757925
15115266
171470
10185
303187
261452
81165
187480
448853
79851
33125
781522
757925
3710149120
1967514112
289134
783955
992315712
525747296
1620367
5407284224
2864907264
18097141760
9591318528
15900001
81165
187480
448853
399982
289134
783955
992315712
525747264
1620367
5407284224
2864907264
18097141760
9591318528
4573282304
1766974
1972263680
1046502848
17550444544
9329362944
1068024576
35662462976
18882299904
5688012800
21241151488
399982
1766974
1972263680
1046502784
17550444544
9329362944
1068024576
35662462976
18882299904
5688012800
21241151488
37366034432
19810088960
2095199488
18605858816
37513940992
37366034432
19810086912
2095199488
18605858816
37513945088
39900078080
39900082176
93521
781522
959898
303187
328064
3720516
89530
572738
78922
781522
959898
6281052672
2704264448
2072261
572738
2805725184
1402422400
9410816000
4701122560
3684997
2072261
12592829440
6293129216
34592972800
17294614528
7006868480
18503733248
9244077056
2778939904
10312001536
74314653696
37184212992
12472610816
34855579648
18327085056
75097260032
93046
35803
225072
957329
10607
69427
327185
90350
14218
79209
571205
35803
225072
957329
2729029632
61862
340113
2066715
14218
79209
243608432
571205
1415265792
4744174592
165066
61862
340113
891442752
2066715
6350760960
17452998656
787597
165066
462745216
1262381312
9328733184
787597
1790156544
5300215296
37524742144
2585400320
12172427264
198280
35755
751819
959898
10593
291663
328064
90584
67342
79422
572738
35755
751819
959898
2736086272
247972
341026
2072261
67342
79422
244238352
572738
1418925184
4756442112
165509
247972
341026
893747840
2072261
6367181824
17498126336
789711
165509
463941760
1265645312
9352853504
789711
1794785408
5313920000
37621776384
2592085504
12203902976
