79851
10275435
1718630
2163143
7533036
435321
55738960
11066
383995
36063736
9353
417907
174017
703124
303113
702917
753517
169343
11440
753517
1218482
125144
36047
1153909
263723264
160906
266113
247491104
10998246
168126
34352
10879878
467327
129714
815
364741
10210133
131495
79634
10210133
10262144
125011
75419
9707972
584
2738132
133804
11187
301792
63388
63232
11193
90748
9911
285238
88054
324693
302295
33793
19657
2727974
34161
88891
2683596
1062334
34082
78371
1042654
31170
807
78371
30592
173093
34036
668517
11212
261287
45902
34036
668517
179131
45902
179131
169799
32847
11238
89194
32847
176279
9714
57149
36793600
258007
126587
91435
86516
788
286063616
35301088
247541
87726
274459584
322185
3705748
90273
79851
17052276
613587
3705748
17052276
104433
210432
12283
75201
1908683
144593
201455
1827263
1225430
1062334
34726
1645319
36948
79851
243594224
1225430
1062334
1645319
243594224
367114
965804
33308
412916
40558
72225
20076980
354232
931914
398427
19372482
232799904
10940176
167483
12699570
248732
34000
50982178816
229356192
10778343
12511711
50228023296
263723264
503462
126927
646249
209917
809
2713306880
195227968
372701
478402
2008595456
2254211
3580382
24564
1062334
34535
79413
611621184
2241857
3560760
1056511
608269120
345413
10297504
123126
41592
1022
74399
91101520
321833
9594537
38752
84882408
345017
10297504
128087
41544
1062
77397
90997048
334416
9981110
40268
88201120
34227
638969
856181
57752
70043
1216379
198580
282370
3813697
429966
2084776
1682251
10040198
129955
476965
41942
79001
178083072
1682251
10040198
476965
178083072
68116824
10277732
124353
6076134
62689
75285
19341752320
64222256
9690104
5728732
18235891712
9825
84479
3598525
77509
12169
297950
3493020
496236
861
1422
24115
71981
1660
15041
21805
27870
215462
1338038
152397
41657
948722
369188
234160
1611503
1014174
41851
483512
90386
3742620
79300
1007182
76085648
480179
3716818
75561104
1287940
267788
15874601
11826
199287
77753
1254116
135089584
15457709
194053
131541920
2693488
2063
3607720
785
1055108
1791
60955
508322336
81644
23877
11503600
25469
30872
685048
844459
3439
60377
78436
54851
66486
1308040
11709
159612
228344
193252
267909
4095885
21000
38466
490226
435082
76581
161763
1611424
2227163
264822
1235390
557392
2201296
379053
171460
120873
4524
9308
15660
42141
822
24383434
1849485
557392
8204342
2201296
379053
211696
120873
4524
15660
79586464
24383434
1849485
8204343
211696
79586464
499575
15860666
11063625
133731
37000
39520
348
1062334
62433
27151
134656608
130326336
390604
2798253824
12401016
8650341
9283247
28929
30899
830609
38238183424
105284264
101898560
2187877376
7258314
29897379840
12133982
76238
3528856
24224
91242
3630220
87979
30554
804
76322
91458368
3465739264
11865923
22771940
74554
3450897
17879128
89226
3550023
29879
30243033088
89437920
3389175552
22268876
17484150
29574918144
39165
2259398
3590826
22192
62069
68333
3864
1062334
31111
71539
4347211
6116677
35088
612924928
2024215
3217053
4551360
55608
61220
951754
1098772096
3894705
5479984
549124800
4077603
984399616
1769605
54560896
15035676
168258
922135
430044
41561
3459239
90047
76419
594569984
142893904
1747400
13999136768
53876268
14847010
54666360
910564
424648
3415832
109777772544
587109248
141100864
13823473664
53980400
108400263168
329987
263723264
15518264
161324
524566
76960
4780
15965288
266804
73735
554252544
35102256
310480
77656162304
248133376
14600910
51153616
493556
72410
15021505
142866251776
521488192
33027202
73065562112
48129696
134420807680
33392
89941
11226
42188
450953
79851
34568
147318
1356582
64579
277220
450953
115965
2171583
1356581
473384
1898256
28997
4245
242
1845
19691
75973
622
-4911
76353
-130
-23355
18735
5011
40936
72645
15998
88067
589
89329
56217496
3660757
278314
76401
16036556
-2706
1561152
62311
55176104
3592943
12011953152
15739488
1532232
61157
351049280
11789438976
344546304
589
91016
2746750
3742640
34726
79851
1062334
-2757
71918
64536
2746750
3742640
533887232
1062334
71918
64536
20807608
533887232
20807608
589
90120
122430
3738394
1080
78930
41279
-2730
1477
64418
121225
3701592
24633280
40872
1463
63784
687781
24390780
681010
11174
21455186
2733145
3706394
82131
6034506
6137176
61211
1057612
31501
72011
618917
453216
317098
8875
5562514944
5097004544
19463308
527911936
2479403
3362297
1434805760
5474269
5567408
959424
396711648
523853760
561457
44041480
411140
537126
1640687075328
5046097408
4623804416
478901184
1301600128
75796840448
359881472
449603200
83192448
1488367779840
68759928832
8056
417659
194745
217471
12073
2692496
3634094
84828
1061881
32285
74278
384437
100907
221358
14974
30173528
35630696
388515
14959741
181155
202295
513193184
2504609
3380502
987781
49466480
18121408
357610
21634446
93866
228451
4961752064
28067974
33144332
13915828
477381792
-20033925120
46014640
58995116
14633680
4615514112
-18635913216
174071
33566
851972
11238
327513
3742640
87867
321538
77088
33566
851972
8049464
178331
1391088
321538
318592
9570
17334452
595862
3613178
1391088
2246786
53596
40410152
3096930
7771026
84549616
-182493
576886
16734835
32494936
-11454819
1582105
64242852
43028864
31370912
28953
29000
667158
6856
61446
197776
11259
160728
74223
21265
181050
632410
-16714
662934
133521
168915
13663
965121
80747
183837
528115
493080
64667
4048518
499542
587840
4849514
107340
203284
897102
-3719327
3130677
544236
5802024
7788991
-3457191
1611
2705
57833
6636
83244
175228
11136
321538
79851
1772
19070
21201
-151
162578
226604
136031
14586
1382112
131824
175228
105633
27568
6183
407913
78534
21201
10586400
-16158
219804
1382113
-2979946
913643
28732
809828
15697505
-2979946
65653
18148
4188
9271
995
436652
36980
575
71239
17501
2575
1012602
103079
1654
496
233500
43781
21620
-1257
389562
1302
599125
60445
78519
1589
903400
-17011
-2853
373597
19289
196550
-13927
671086
1913
33343
175353
4550
33545
664284
11022519
171038
626
10512
59135
34571
2016
26953
316054
-462
202932
2526472
51256
41642652
255936
11022519
3632
12659
244610
3237
1649863
-5492
316054
14036566
669024
2526473
41642648
719172
7072
172117
1649863
14036566
719172
17144
24022
161557
7508631
126699
3451
11292
12910
33402
7790
27190
1025387
-2152
39408
1645402
71128
9160197
126331
7222437
4687
14925
837306
17973
1087720
-31220
986304
2335984
95873
1582686
8811052
-169684
-90
666644
1046261
2246947
-163217
170202
34104
174003
377574
164931
10961
86467
12779
793
33200
170752
353820
189701
39917
89946
50763
368131
43084
364530
12478
38955
103541
49000
362088
42619
341597
76180
108695
86839
355414
73904
107783
85001
349580
73549
71351
4121
21633
65366
7467751
126155
669
2339
9031
33441
1491
3778
223788
1936
20473
1596864
64501
2664324
3293
7191454
611
1385
137128
5190
175309
-537
215508
1202549
83275
1537782
2565748
58436
3220
107817
168822
1158056
56274
174071
33566
703124
850658
15900001
11238
303202
327008
72561
321000
1335879
33566
703124
850658
16108162
247821
1388771
3525967
4208773
68411184
75343280
72561
321000
1335879
2508731
247821
1388771
3525968
4208773
68411184
83591520
14235984
31712804
161327008
430017728
2508731
14235984
31712804
161327056
430017728
3304687360
3304687360
65202
18822
529649
581900
10297504
9350
212208
142415
66594
293886
1334702
17697
371528
255872
5335382
137482
481839
1377907
2789068
44159672
45972936
61142
251993
882695
2293126
120653
455360
1399579
1748794
28898196
19007612
5378705
16447600
89072832
231253856
2074155
4840070
14873962
15425552
142567232
1539213184
995627840
27125
33393
700437
667321
15529767
7062
65378
55866
72561
183485
987919
22211
174441
164852
2555728
246577
762004
3423018
3113302
66784296
57973208
47047
137360
352916
1373909
155543
531441
2007077
1171927
15157182
15048370
7644279
30954626
84804128
296205120
994938
4756697
20758028
67065904
107026384
1697737216
822585984
174071
33566
182283
96604
15900001
11238
91856
33499
13352
128773
40464
33566
182283
96604
16108162
39379
576485
3525967
116851
17373676
7574699
13352
128773
40464
145975
39379
576485
3525967
116851
17373674
8271231
893454
4557787
63762296
13444561
145975
893454
4557788
63762288
13444561
98816160
98816160
134715
20797
1966
583357
10058917
11206
1041
327028
453
321538
6150
20734
1964
582457
9941463
1006
542406
1627325
14867
150618
45131528
451
320268
6135
23436
1003
540575
1621505
14832
150441
47334416
57671
107756
86946000
1209470
23353
57488
107218
86685176
1207058
27885550
27839526
88030
33414
655702
5448
15842185
10968
199231
739
67900
967
7922
33807
474951
2252
9150684
230907
4324
3505203
24646
63782992
529640
68015
884
4869
7465
227834
4356
3592190
16620
48521576
178943
44361
29544044
460039
2359567
7686
34774
29195680
431653
1640916
9298889
7097259
85755
703124
851972
207092
133843
413924
40360
1338038
79851
490499
362345
1280899
143553
4215529
826459
3052170
363889
3339245
229838
413924
2600460
6675306
343719
5817305
289308
1280900
17382534
1580790
3052170
3339245
10365448
-2517672
6675306
8007543
17382534
10365456
61400
527587
581086
200232
125710
394666
37971
1338038
77447
347751
222851
973379
107291
2785164
774432
2868832
340479
3194665
216951
382785
1522537
5310284
49749
2698769
57594
944075
16111624
1543882
2782465
3098488
12195328
1106723
5150417
4095319
15626574
11828173
87558
182283
674830
50459
101914
430184
38245
261740
74482
107167
270763
1312297
135245
690249
123300
749091
64270
1922287
185828
401263
331314
2228310
103856
799548
555744
1224071
2388645
236172
698730
1793052
10238316
894797
2078501
5972855
2228057
9549994
30605
703124
96604
73323
32194
205306
12370
216906
77125
197721
92680
649161
-16808
722218
205996
1804849
33768
891514
39026
200802
676242
5438797
154120
2485353
158853
634920
5857703
184525
1765252
871955
12761631
-251731
5319474
3316712
5729193
12481649
31252
703124
4237
74826
521
215839
12881
8085
79851
202218
1989
682093
-16360
29743
4508
1889804
34529
12189
-2213
215839
19202
5798263
180649
-34080
-11978
682094
26788
-14191
1889804
12189
292241
-12153
5798263
9726
26788
292241
19732
529649
583354
66298
87932
183450
11151
1338031
77161
126714
163600
358608
-12819
2796029
561215
1664630
32311
1503307
131869
177704
1152062
3589099
42064
4350642
276921
347376
12008726
435559
1612493
1456223
38943248
-665959
3476687
7710821
11632609
37723536
1686396
168180
40303
1661555
671657
132148
12401
671657
260611552
165501
277033
254606880
263723264
169686
280633
260995424
10998174
167910
34113
10833441
11061600
154443
31206
9963806
582683
130453
134818
327513
-537937
582683
153575
-537937
15744810
168458
79205
15617475
10210133
131495
79634
10210133
56113232
278208
89104
55052896
1170522
238730
11074
1084383
54726880
277041
89381
54345208
293772
83454
320539
2233106
34724
47076
2232995
2746750
33386
87504
2640762
703124
854936
174071
1336078
303202
327029
4185169
703124
854936
1336078
4185169
519799
455640
133433
986112
300639
261662
2017819
519799
455640
986112
2017819
758565
11044649
169126
164911
11318
34399
71333664
751439
10940896
163362
70663568
1784400
11084491
165294
371340
40624
33459
129997800
1720237
10685917
357987
125323376
1458221
7533036
128861
372499
41138
33862
100077808
1421950
7345667
363233
97588584
87489
856181
145732
39954
405007
140547
227614
782106
127219
579447
309531
86148
548923
121639
588623
1159225
151893
445442
41907
79581
3639754
236553
445442
3639754
371327
1062334
34344
449534
41593
78973
22484790
367248
1050663
444596
22237778
260008944
11088682
167790
14139224
273589
33982
57199579136
254444448
10851372
13836630
55975436288
167051568
7505447
131285
14341214
282751
34626
37930749952
166571072
7483859
14299963
37821648896
53875568
10877492
153103
2693488
82939
31583
10695845888
49000296
9893174
2449751
9727965184
2115668
3461361
24414
989493
33247
77536
553276096
2115668
3461361
989493
553276032
2254211
3580382
24564
1062334
34535
79413
611621184
2241857
3560760
1056512
608269120
21377
529649
580894
134818
55927
58095
9904
1333931
303202
326521
136022
139871
21377
2744743
529649
580894
399832
55927
58095
1333931
1074896
136022
139871
2744742
399832
1074896
22683
529649
582683
134818
59664
64945
10527
1338038
303202
327513
144483
154799
22683
2752915
529649
582683
440410
59664
64945
1338038
1164709
144483
154799
2752915
440410
1164709
31742
632213
855569
174071
51396
66892
10116
1201855
272738
327292
181766
271922
31742
3761094
632213
855569
402201
51396
66892
1201855
1990293
181766
271922
3761094
402201
1990293
30280
703124
854859
174071
54324
62187
9632
1335879
303202
327008
192671
256568
30280
4184457
703124
854859
420509
54324
62187
1335879
2119794
192671
256568
4184457
420509
2119794
262691072
15838902
166632
16368250
276696
77916
79258853376
256326544
15455154
15971676
77338566656
52104184
15738928
157208
3413423
79361
72328
13808635904
47773508
14430775
3129714
12660919296
258864512
15032580
166616
15719912
280715
77130
75235639296
256261792
14881436
15561857
74479181824
19796544
1200817
8231
15899842
273692
79341
6306529792
19670168
1193151
15798340
6266268672
217327
990652
109312
41060
658868
362600
194728
710559
202389
1251692
144666
38663
848583
326440
216322
1402337
645315
69376
6354060
39543
404610
78744
638914
62319080
6291031
400597
61700904
55605856
279378
16362646
88709
3703530
78698
54803312
12180950016
16126489
3650078
12005143552
359734
81777
3342145
11734
198113
76103
346428
29934380
3218524
190785
28827148
48215400
280565
16194985
47928
3133500
79851
48215400
11130591232
16194985
3133500
11130591232
1445497
283531
16368250
12913
216821
79841
1445318
154276032
16366220
216794
154256912
14303642
279511
16288437
34142
1054813
78541
14099086
3110714880
16055498
1039729
3066228992
398371
37224
478716
30626
1050830
69717
351882
26627356
422852
928202
23520052
14341214
283552
16368250
34724
1062334
79847
14340504
3132294912
16367438
1062281
3132139264
22108
20642
529649
460367
3863
74475
67611
52167
38979
994456
9152
142955
126441
131272
97810
2071636
24354
29352
427336
253363
62998
72703
870408
673869
203237
563226
25469
30872
685048
848597
3439
60377
78436
54851
66486
1308040
11709
159612
228546
193252
269756
4072687
21000
38466
490226
435082
76581
160686
1590906
2178764
264822
1259180
87973
34108
700660
671904
10757
212965
103349
63552
45968
994456
33437
505617
278998
217657
181992
3080019
61804
42855
623004
296333
210832
166613
1887494
1447693
286572
1260050
172783
30308
693459
166818
10257
298853
65911
30185
690683
127062
221297
32264
525066
65644
220407
32140
523230
133047
132754
67228
20095794
34154
7725
2942298
19710
38216
642778
260763
1028
140101104
333372
62695
198082944
18740916
31851
8908062
2743925
18381
599441
1373659264
130655344
310896
184727952
8307471
1281045504
1752023
52776488
480767
160358
874863
18722
39104
129885
81995
976
562191360
6396250
1638581
508747392
49359260
449638
2070132
818217
17509
121475
4145765376
525790144
5982099
475806496
1936094
3877331456
263723264
15257686
505793
157707
15658627
649241
260823
40015
71519
1009
76362104832
2725868544
242571088
136351104
14033928
465225
122760000
14402712
597168
36805
899698130944
70237413376
2507237632
125414944
112913920
827537162240
645258
162247104
10297504
66189
1267820
196652
6045
15839288
137441
39995
942378176
64920560
323193
47380668416
81265336
5157750
132259800
635018
98498
7933486
242936676352
472012608
32517010
23731740672
66245476
121680642048
29505
167665648
10297504
132148
58485
8801
867
16368250
283567
79851
21902742
1649441
29505
48963010560
167665648
10297504
3087477
58485
8801
16368250
3323613440
21902744
1649441
48963010560
3087477
3323613440
873151
255931408
15431810
163128
1427148
214085
12544
16368250
277990
78280
1564508032
100777648
855980
77218185216
250898416
15128340
151926080
1399083
209875
16046365
429564428288
1533741568
98795832
75699691520
148938432
421116968960
26332
27297
5565
11386
182260
79851
17452
-18639
593904
11778
121025
182260
53598
410454
593904
187836
488287
589
90536
2733214
3697269
34726
79200
1055243
-2739
71908
63938
2733214
3697269
526086080
1055243
71908
63938
20575488
526086080
20575488
170041
30163
855512
9334
313865
3530360
89048
294906
77732
27683
816983
7630187
183320
1204544
263961
231763
6699
16035598
606469
3530360
1087035
1907488
40262
40512760
439755
7630188
74668096
-592255
495414
16035598
32644978
40020376
1376546
40512772
33594464
32645012
21561
17960
529649
575495
10048038
132148
7241
72593
99712
63522
276022
1321396
78513
13318
139236
185041
1751451
-4840
131208
480195
1243702
-14192
2694910
43057528
140434
44272304
842137
10048038
48603
248879
638324
2162464
90498
433056
966477
-2831
1286165
10159820
-163595
12925371
164869
1751451
5039634
15258841
144133
82028240
6671269
1243702
222765824
9728640
43057528
44272300
1882994
3643251
9589124
20827
45570608
362596
966477
98221984
859567
10159820
12925373
1458807040
34831748
15258840
82028240
222765792
684900032
-47800216
9589124
45570648
98221984
1458806784
684900032
171322
30403
703124
856181
15900001
171460
9984
298865
319367
66594
294583
1338038
79851
29415
692828
834440
15868644
199027
224252
1198781
3027853
-19865
4192467
68411184
270473
75461848
1150574
15900001
64541
282702
1304132
2298530
216797
1152438
2908340
-19292
4081009
67513840
268645
73223416
1110565
15868646
12293929
27398748
-112438
151666992
4878066
3027853
430706304
6711711
68411184
75461848
2205059
11812076
26438332
-110924
146600704
4908185
2908340
420169024
6655517
67513840
73223416
2931476480
93579744
27398748
151666992
430706304
2845788160
92903264
26438332
146600704
420169056
2931476224
2845788672
66532
20187
527164
579328
10274067
131847
10874
216780
153028
70407
310005
1330092
79851
20617
379715
275145
5473637
83539
144429
549229
1612756
-12740
2706651
43951940
139716
45833904
847185
10274067
71905
303519
950187
2420982
139984
593605
1791109
27823
1867246
29813916
218271
21689606
271335
5473637
5810826
15795965
250286
84953416
8336143
1612756
229912400
9764664
43951944
45833896
2473772
5196906
17439944
157195
41792580
1322185
1791109
150724816
4956870
29813916
21689606
1737468672
22124872
15795965
84953416
229912400
1255822080
8614140
17439944
41792512
150724816
1737468672
1255822592
29619
30131
697822
666748
15152234
170145
7377
71569
63321
66594
168293
992001
75902
22882
191122
187452
2828372
15024
222279
664795
2862601
-19670
3057173
65207300
267583
57231480
974986
15152234
49458
144635
400018
1260742
162058
576767
1980558
14538
1320678
16408096
51055
17842136
7598
2828372
6600333
26016320
-106637
82583248
4011328
2862601
290992832
6034040
65207304
57231480
1062908
4662425
21463368
127718
71829376
601468
1980558
120534624
-1095180
16408095
17842136
1454914304
25075164
26016320
82583232
290992832
827125504
-26897388
21463368
71829360
120534640
1454913792
827125632
90509
703124
856181
218185
154181
449977
41698
1338038
78753
521837
430528
1360753
146505
4192467
959750
3544986
369719
3727151
234322
444754
2991262
7755203
458993
2229719
812417
1344961
20605746
1612388
3503844
3683895
16079010
-437100
7665200
2203847
20366592
15892411
89980
32714
210089
853139
10519
39050
152063
41823
12358
66539
363788
32989
119446
424159
147056
52746
271713
1415559
12306
65925
-2922
188632
50830
234630
110838
51873
265889
70095
738183
82859
813316
604310
103052
22877
183169
344352
582127
-271453
1441194
-1122199
254023
13508602
171842
32580
673193
852369
10585
288645
323539
90100
58343
68045
1285569
32263
667239
842092
183261
200298
274371
4010084
57811
67131
1027
1270238
332284
612824
438683
198452
270394
116213
3960373
490130
432873
2157670
432423
50894
292087
3947858
2126537
-275316
1508432
6067392
1288491
25181448
