80449
19759462
2090847
2671112
13043607
465022
95115864
11231
3614735
72217400
9524
2500106
175059
709862
304184
709653
922366
176851
11523
922366
1283799
132248
36873
1238337
433432000
168921
268748
413271808
16821720
174873
35167
16640259
798183
135919
820
624077
19743282
137103
80424
19743282
19734858
132052
77453
19007840
627
3697028
170408
11291
304273
65311
65311
11272
90447
41278
292988
88186
626252
308613
35254
51442
3671803
35472
89731
3663699
1234015
34892
78958
1211155
41407
811
78958
40640
174957
37260
692582
11291
264312
46074
37260
692582
201898
46074
201898
171824
33415
11344
89658
33415
527443
66445
157742
73787856
494384
131580
134329
86514
793
512929664
70815408
474469
128918
492267008
325153
5067395
89855
80449
25251684
1038448
5067395
25251688
105907
221154
12539
77428
4643213
229916
214444
4502336
1667855
1234015
35551
2280563
36942
80449
346377600
1667855
1234015
2280563
346377600
374545
1136227
34557
442607
41281
74452
28927398
366194
1110896
432739
28282494
392099712
16796508
174086
16377910
251822
34930
72290492416
386299584
16548045
16135640
71221133312
433432000
851120
131750
776055
209610
819
3711638528
322331392
632954
577131
2760242432
2413577
3660837
25374
1234015
35501
80337
521196608
2410225
3655754
1232301
520472768
662726
19765744
130207
55507
1052
76402
134299424
629394
18771630
52715
127544832
658929
19765744
132890
55189
1067
77977
133530064
638683
19158436
53493
129427296
37287
654445
881960
60207
70902
1239844
221152
322615
4152891
468306
2045103
2074901
19476924
136145
514643
42714
79964
240131376
2074901
19476924
514643
240131360
135757168
19765744
130473
8537734
62729
76558
24848523264
129192624
18809972
8124891
23646973952
10001
85048
4949501
78475
58206
625563
4828112
1001646
860
1459
25114
74110
4881
48733
23139
45734
215805
1344601
154731
41847
952278
425077
515527
2443716
1071785
41711
491880
89957
5117122
79894
1064396
93307560
488489
5081845
92664304
1494201
270821
21997582
12048
210865
78336
1454961
194130784
21419892
205328
189032608
3557028
2065
4967186
810
1226783
1828
81139
715097792
113306
27984
16312135
26211
33572
704850
881833
3523
62408
80912
57479
67297
1334813
12544
165212
239193
217395
308576
4329299
21935
39581
510438
475982
82687
174201
1746795
2260083
288404
1313056
660342
2553043
638585
177162
135400
5131
9362
16667
42000
826
27495768
2268471
660342
9368052
2553043
638585
227957
135400
5131
16667
78393960
27495770
2268471
9368052
227957
78393960
822462
25537188
16848712
138518
48320
43351
356
1234015
62900
27796
201484448
146975520
643060
3640560896
19966820
13173541
9469588
37780
33895
964842
37413584896
157535120
114916080
2846453760
7404008
29252642816
13632314
91466
3595040
25122
133875
4984717
88969
40546
817
78141
93858440
2266224896
13478396
18088300
90433
3554450
26079542
132364
4928437
40088
19843860480
92798736
2240638208
17884070
25785090
19619813376
49692
2413577
3660837
22765
63265
71167
3893
1234015
31852
72079
4816827
5427135
44522
525897856
2162466
3279961
6822204
56683
63762
1105627
818146240
4315681
4862492
471183008
6112417
733025664
1986479
93376000
24360954
174938
1040446
459342
41741
4783377
89395
77306
818765056
174734944
1961553
14999049216
92204304
24055272
73432872
1027390
453579
4723355
110606319616
808491200
172542400
14810842112
72511440
109218430976
397321
433432000
25025688
169541
590091
80488
4895
21847488
269734
76258
662842880
41945456
380230
94914191360
414787136
23949166
71092128
564707
77025
20907680
147233325056
634329600
40141096
90831314944
68033984
140899827712
33823
91030
11251
42380
481196
80449
33883
329386
2511972
83241
777607
481196
25672
1994780
2511972
572768
4324111
29571
4287
247
1886
20721
77334
796
24587
203718
5508
20409
19919
38215
159827
195832
39899
58896
627
88905
80174384
5005518
276637
77317
21837080
10713
3073699
156658
78689192
4912793
13345326080
21432560
3016761
153756
810878784
13098112000
795857664
627
90584
3697028
5117142
35551
80449
1234015
10915
185891
160581
3697028
5117142
756034816
1234015
185891
160581
28196534
756034816
28196534
627
90393
178837
5117142
1093
80279
54902
10892
4594
160581
178460
5106356
35566804
54786
4584
160242
1277013
35491832
1274321
11280
32992006
3678874
5074896
82500
8428459
8654488
61393
1230027
32550
73551
1414431
502788
633442
61074
9017631744
6358106112
30207836
748098560
3368416
4646629
2032966784
7717187
7924140
1126226
887731136
740301248
1295068
105388912
460358
1057067
1671948140544
8256640512
5821550080
684967104
1861406208
335277260800
812815744
1891144576
201613120
1530853720064
306983469056
8019
469473
199480
227292
12356
3556969
4996689
85505
1233973
33570
75982
566112
294898
438359
37970
40305448
48453440
443406
22554830
188404
214671
722373760
3359472
4719254
1165458
53717472
57445048
534679
32141698
278524
432326
4965181440
38067536
45763124
21302502
682264832
40379396096
50734864
189697264
58615320
4689496064
38137380864
175113
33823
881960
11344
330534
5117142
88980
363032
79025
33823
881960
10999848
536674
1497285
363032
637846
65942
25635228
1027793
5026565
1497285
1631756
154808
61755052
5038992
10805143
84709472
6190954
1144329
25181470
566162816
97079032
6719936
79152864
136306912
556141248
29527
29861
693317
6842
62524
206367
11530
176221
76004
21464
187048
727333
77567
725253
143059
375238
35267
2856241
160231
194965
529027
1678947
155382
6810951
1613306
687147
14910080
1086623
376746
2698430
79426504
6296098
1277463
12720126
20283812
75038096
1298
1616
41864
6689
85516
184419
11309
363032
80449
1000
12034
34768
3769
72107
252518
371691
39414
3695798
180814
184419
44297
74492
8558
395049
79141
34768
31847164
2104335
378732
3695798
7951656
658602
52404
708553
34422336
7951656
69064
23184
4711
9296
1037
465888
37723
651
72764
21696
2968
1915465
231384
2176
573
602336
68358
51274
2741
421385
1956
1272869
21428
62322
7367
1732492
117392
14052
429918
46376
810696
131234
2646729
259377
52814
733255
4602
36720
682146
16841044
177162
631
10709
61803
35465
2104
27475
581343
8741
227255
4783355
63573
67146560
722024
16841044
3726
13231
288855
4738
3111835
34856
581343
21282446
293919
4783354
67146560
1304558
73438
271832
3111835
21282442
1304558
18679
28906
164680
13043607
132941
3466
11430
13247
34471
9340
29218
2273543
29838
47205
3776324
47619
14807102
101562
12647690
4835
16437
1275890
20528
2830718
11237
2204533
4216574
180066
3661700
14357658
1803890
115070
991618
2744796
4088587
1749136
171830
37287
169945
638585
173682
11037
87820
11147
810
36367
166748
598331
205428
37223
166309
63259
570492
227359
626043
10890
36321
185189
63004
561518
225324
586579
178482
64675
163043
559288
174583
64004
159196
550490
174976
171154
4459
26209
72488
13031983
131933
673
2596
10380
34235
1795
4582
538722
5076
26692
3550084
43781
8278553
135565
12549890
691
1820
251102
3207
526192
4394
518793
3210562
50641
3418756
7972306
255103
1953
212245
506727
3091795
245666
175113
33823
709862
881908
25537188
11344
304273
330518
74992
362952
1344501
33823
709862
881908
18109498
248469
1496904
4963101
4361659
79038728
129199600
74992
362952
1344501
2878892
248469
1496904
4963100
4361659
79038728
119219552
12532352
37409204
70752560
546296896
2878892
12532352
37409204
70752528
546296896
1539830016
1539829760
68421
23922
549880
683913
19765744
9321
212464
144955
68783
330624
1344501
21713
394068
311333
8559955
176906
1056444
3353394
3388866
61254408
100072664
62045
275898
887802
2597367
155123
797215
2789497
2131967
47853736
48941936
8661644
25744792
47997656
425059200
1945714
7047538
20433832
40275976
260499392
1095714560
1970860288
27530
33823
709862
690761
25100730
7026
65825
56947
74992
200843
993391
22086
175951
169729
3128608
248469
821588
4877063
3188744
77841008
100220128
47551
147709
358557
1581696
161596
547874
3013840
1243906
19637734
27491810
6769764
36819536
55475604
408646592
1037082
5197668
21187090
45097596
148830256
770384768
553275584
175113
33823
175291
103397
25537188
11344
92209
34632
11369
156413
34530
33823
175291
103397
18109498
35360
654899
4963101
110804
17943004
14487200
11369
156413
34530
158345
35360
654899
4963100
110804
17943004
15915696
724341
5405691
37414936
10593746
158345
724341
5405692
37414920
10593745
107038048
107038000
135405
26208
2161
683953
19325484
11311
1046
330044
499
363032
6411
26127
2159
682839
13662458
1331
1157785
3771665
19067
245661
97911352
498
361742
6395
26420
1327
1154327
3761214
19018
245405
90680296
89038
225570
54578184
2553947
26310
88701
224886
54421436
2548270
11842212
11818822
88835
33823
671381
5639
25537188
10993
201708
713
70919
304
7890
33107
486117
2171
11061027
234961
1280
4963100
25134
74754616
812445
69100
268
4715
2079
223343
1211
4416137
16015
58699668
352927
9907
35380648
253441
3866107
1996
9413
30442124
204522
2665028
1612458
1530527
86223
709862
881960
207343
136011
441370
40538
1344601
80449
494371
374132
2428440
327492
4362051
829613
3564646
430230
6311578
503258
441370
2547449
10768928
1939351
16309
2742070
2428440
45052776
2360966
3564646
6311579
114555376
30995438
10768931
13473432
45052776
114555376
65011
549880
683953
202014
129363
425273
38404
1344601
78027
371825
274577
1832561
245425
3389171
786816
3454739
414335
6025963
479632
412470
1866185
8265441
1478153
-351651
2031097
1777391
42896480
2234638
3350732
5844548
82720376
23612004
8016607
9998463
41605064
80230016
88041
175291
693341
41859
103814
458300
38414
263854
75040
88994
280495
2454414
304285
705711
104925
726680
84127
4879646
349564
427489
277828
1550326
284954
-2521629
2248021
2289403
4264718
329093
677825
4551587
15394352
3309462
1446097
9462495
3978001
14359390
30953
709862
103397
73824
32788
215076
12629
219567
79048
198984
95395
720195
81689
763235
208968
1288780
106832
1255989
59012
213103
697751
8507987
616954
4376482
274909
713587
10237669
1191622
1276955
1244464
32307356
2998324
8429923
3687866
10143733
32010918
31618
709862
4780
75341
532
225586
12984
8418
80449
203668
2100
733054
81554
35444
4723
1353051
108876
32027
4583
225586
20715
8829515
613794
186148
6299
733054
280729
38049
1353051
32027
1445741
84230
8829515
136976
280729
1445741
21601
549880
683953
66738
89205
191456
11232
1344601
77923
137980
206156
557749
62372
3389171
568227
1142474
97833
3876703
185105
185455
1524515
6036552
477964
7070193
1405089
540266
25534760
1883949
1106663
3755187
59992656
10417952
5847334
11857716
24734366
58112184
1904228
175905
40940
1890722
811840
137103
12497
811840
432557248
173785
277083
425227776
433432000
175467
279162
429285696
16848480
176393
35381
16775363
16848296
162259
32535
15431076
683953
135345
135513
330534
730162
683953
163915
730162
25460686
175222
79800
25255486
19743282
137103
80424
19743282
80025024
276532
88680
78512832
1332456
243322
11304
1250774
79315896
280334
89105
78896976
297809
83883
611149
3091299
35551
46381
3091299
3697028
34613
88196
3599571
709862
881953
175113
1344587
304273
330531
4498564
709862
881953
1344587
4498564
546979
534123
134798
996806
304232
264312
2553429
546979
534123
996806
2553429
929006
16848712
176305
169247
11511
35379
90262880
924513
16767234
168429
89826400
1991537
16848606
173313
378266
41411
34771
153353984
1948274
16482593
370049
150022592
1544907
13043607
133689
379291
41324
34665
119137864
1506442
12718852
369847
116171608
88243
881960
148293
40546
406875
319149
499036
1114614
128786
683948
313553
86002
648200
405851
991150
1584387
154461
477266
42218
80444
7204597
520391
477266
7204597
378098
1234015
35160
479682
41782
79565
32406052
373944
1220458
474412
32050048
433354592
16848712
173370
18077972
275781
34790
79889694720
424080320
16488132
17691084
78179966976
335477248
13043607
136770
18081344
281174
35464
61868425216
334661952
13011908
18037400
61718073344
92002048
16566799
161611
3557028
83752
32888
16251412480
85112608
15326216
3290665
15034448896
2282894
3560689
25289
1150728
34476
78493
475260864
2282894
3560689
1150728
475260864
2413577
3660837
25374
1234015
35501
80337
521196608
2410225
3655754
1232301
520472768
25681
549880
682242
135513
57675
59065
9982
1341309
304273
329710
164373
215724
25681
3489303
549880
682242
430165
57675
59065
1341309
1478722
164373
215724
3489303
430165
1478722
27305
549880
683953
135513
61549
66026
10622
1344601
304273
330534
175728
235565
27305
3497962
549880
683953
475269
61549
66026
1344601
1620743
175728
235565
3497962
475269
1620742
34380
649046
881936
175113
54119
67564
10229
1228856
278482
330526
203917
312141
34380
4099864
649046
881936
440143
54119
67564
1228856
1943747
203917
312141
4099864
440143
1943747
32835
709862
881908
175113
56322
62900
9742
1344501
304273
330518
212790
295139
32835
4498228
709862
881908
453796
56322
62900
1344501
2017933
212790
295139
4498228
453796
2017933
433432000
25537188
172869
22292964
275030
78499
97235025920
422930688
24918468
21752848
94879227904
90268896
25312250
165295
4787100
81660
74563
15371353088
84222400
23616752
4466444
14341728256
427009344
24346104
172892
21543560
279020
78156
91757109248
422709120
24100926
21326606
90833076224
20738296
1223980
8443
22255066
279591
79936
4660558336
20606122
1216179
22113228
4630855680
218531
997100
111288
41247
662800
419134
374854
1411886
205892
1282391
147474
39340
868141
390351
482491
2166450
736706
67801
8828428
39712
432646
79532
729362
83942552
8740418
428333
83105720
79325928
280775
22292964
89234
5063445
80139
79021024
13507617792
22207274
5043983
13455695872
410961
83064
4678392
12004
208593
77892
399164
41493052
4544095
202605
40301968
72326192
281827
22290272
47100
4417066
80449
72326192
12443394048
22290272
4417066
12443394048
1631018
281859
22292964
13083
227292
80449
1631018
215114048
22292964
227292
215114048
18081030
277828
22229284
35027
1230862
79239
17822456
3922729728
21911386
1213260
3866631424
413227
38038
514306
31657
1223666
71157
367988
37940144
458001
1089703
33786564
18081344
281859
22292964
35551
1234015
80449
18081344
3930178560
22292964
1234015
3930178560
24665
24522
549880
537609
3948
75904
69619
54088
38932
997100
11273
158996
160548
158665
136384
2489179
25211
29786
440358
274112
76423
106024
1173953
1058047
213752
956978
26211
33572
704850
881833
3523
62408
80912
57479
67297
1334813
12544
165212
237450
217395
300445
4314313
21935
39581
510438
475982
82687
174107
1712093
2376132
288404
1536512
89245
37287
709862
693341
10888
214369
106308
65311
46074
997100
35706
514726
282705
239786
201789
3203306
63585
43434
630966
321131
226381
189946
1900368
1539542
288041
1524056
174420
30870
709862
172961
10324
303071
68783
30744
707020
289231
228048
-8783
1382445
68504
227125
-8751
1377661
1239969
1234739
94580
20770220
40979
8042
3423803
21840
39252
780394
266717
1048
132623632
436397
89512
178359216
19657388
38783
10258351
3240362
20670
738582
994223680
125517888
413015
168803056
9708727
940955008
1956879
91337568
810871
165690
1004972
20582
39278
161899
82822
981
754225152
8533445
1830173
783759744
85423568
758368
2464917
939901
19249
151416
4252022016
705389824
7980912
733012160
2305316
3976708352
433432000
24572292
856029
165554
21440318
780531
263391
53759
73555
1035
92229156864
3733043968
405033600
173729824
22962324
799942
161987008
20035552
729390
50236
905570942976
86186336256
3488456448
162347104
151373680
846238253056
776880
330494656
19765744
68671
1451980
205171
6090
21961910
139083
40294
1316590592
85983216
389119
74115981312
165536144
9900145
187162720
727258
102764
11000146
310836789248
659445888
43066748
37122760704
93744912
155690024960
29742
335477248
19765744
137103
65505
9299
882
22292964
281859
80449
29519026
2092945
29742
75233583104
335477248
19765744
4079729
65505
9299
22292964
3667107328
29519026
2092945
75233583104
4079729
3667107328
1081497
425138592
25067336
170433
1605229
223684
12642
22292964
276316
78866
1888572288
121375976
1060230
95627649024
416778176
24574384
211449504
1573662
219285
21854568
454183747584
1851433088
118989096
93747101696
207291296
445252075520
26812
27901
5645
11579
192463
80449
17742
81092
712531
33153
315242
192463
143473
1433792
712531
322519
1117351
626
90104
3678874
5065632
35551
80214
1227799
10869
185492
159440
3678874
5065632
745805440
1227799
185492
159440
27927286
745805440
27927286
171050
30475
881960
9422
317004
4851416
88649
333939
79092
28034
842402
10456952
540945
1531970
302363
586641
64971
23967346
1025244
4851416
1381315
1222907
104629
99298312
2077331
10456952
74921648
6126831
1016561
23967348
486107808
46033440
5908642
99298312
119356808
486107808
23727
22954
549880
677897
19375388
137103
7238
73088
101347
65920
313911
1332578
79684
17607
152617
234262
2694259
35011
169865
1102460
3157792
83073
3347571
60177768
590179
97139832
1544042
19375388
49000
270750
648488
2465895
128940
918901
2301053
69137
1722530
16873656
180706
35087512
934390
2694260
12566194
24412660
508725
44700480
5912892
3157792
411625760
9191469
60177768
97139832
1942179
11149256
16116572
221103
53956560
3958813
2301053
183452896
7194539
16873656
35087504
1037090560
90792280
24412660
44700464
411625728
1107951360
50595072
16116572
53956524
183452864
1037090624
1107951104
173424
30870
709862
881960
25537188
177162
10187
301963
325081
68783
330697
1344601
80449
30312
704021
867063
17960480
209907
228048
1502189
4340546
108467
4346663
79038728
750934
129205192
2005575
25537188
67589
323562
1323785
2598042
224117
1468767
4255421
105514
4277232
78487088
756861
126921312
1961990
17960480
17087632
33050138
714343
59264448
8049484
4340546
546328576
11925380
79038728
129205192
2540187
16679352
32475736
699496
57975536
7869854
4255421
537955840
11770649
78487088
126921296
1424528256
124270912
33050136
59264448
546328576
1405257472
120476000
32475732
57975520
537955840
1424527360
1405257472
70158
25619
549824
683207
19765744
137103
10948
217632
155738
73255
353706
1342989
80449
25549
406039
332869
8743145
108403
188361
1267070
3753190
113085
3373816
61248592
590417
99970944
1555792
19765744
72760
336955
958275
2804610
182393
1142319
3401826
97138
2313615
49058436
517867
55191064
1439389
8743146
14372417
28581672
716271
55204528
7711980
3753190
424498816
9285115
61248592
99970944
2384057
13089770
25024158
292434
61366732
5687843
3401826
281669504
9891821
49058436
55191064
1164069504
98360648
28581668
55204536
424498816
2347111936
62641472
25024158
61366732
281669504
1164069504
2347111936
30190
30870
709862
693341
24469052
177162
7342
72054
64429
68783
182905
997100
76778
22981
193752
190393
3383573
45726
228048
831168
4200146
108467
3203306
75293968
750934
98501888
1530175
24469052
49717
154224
406676
1426469
168060
661947
2977310
88081
1386487
21205836
228914
29314846
844724
3383572
9000273
31589404
714343
43424864
3719059
4200145
403588864
8549011
75293976
98501888
1092257
7649917
20238964
273317
41499156
2787049
2977310
163149984
6186616
21205836
29314846
692099456
58820416
31589404
43424824
403588928
704731520
35841912
20238960
41499132
163150016
692099264
704731456
91030
709862
881960
218531
156544
481196
41887
1344601
79513
526630
431573
2511972
325555
4346663
963354
3828777
425638
7306082
516026
475599
2995539
10668682
1919677
36287100
1230128
2482757
51724896
2446264
3784247
7221109
151940160
40462616
10544601
35865060
51123316
150172992
90963
35843
212326
880999
10691
39306
156050
42355
12742
67956
363685
35267
121459
430098
329407
58520
302154
1464584
12840
68378
23940
191184
147874
521133
124806
55496
299562
88558
732468
808770
1239064
742484
113772
35371
260406
1037426
752908
702044
4452762
18055698
1879869
34437964
174562
35729
692580
881960
10757
296161
329298
90280
61077
69027
1311731
35664
690845
878857
545017
225157
305377
4239210
60969
68929
30509
1308227
635951
1042405
480995
224766
304954
110172
4228334
2187421
2069937
2367148
480284
132470
182106
5227227
2364443
1540116
5027586
51750840
4470918
235049088
