84630
15889729
2712956
2661512
11032880
1713947
55754688
11102
996210688
54940556
10186
914015680
200061
780849
303187
780849
7602633
193891
97150
64620396
24967458
187068
93731
62346460
263191360
187371
124152
139894672
11032880
191799
36680
10220252
55557
151598
28992
8078071
15885140
193891
84630
18798978
15901704
186096
81228
18043288
596
2738224
12234349
11102
302773
70630
70630
11102
96954
235255936
129905
97034
1218283520
295458
36196
274857728
2621076
36586
95853
2710831
1020983
36394
83062
1058921
1020983
36394
83062
1058921
199965
37543
748554
11102
261975
51995
37543
748554
216691
51995
216691
200122
35446
11102
95343
35446
1406127104
244235840
833796352
56005000
43752
186082
10858
93237
35587
45206308
62017952
9915617
2636838
9877149696
307084
3736090
97150
84630
7211612160
3638892288
4392568
7779840000
44104
3675873
93700
81624
7095378432
3509669888
4236581
7503566336
1106792
1020983
37081
3736090
97150
84630
490086464
2747487
1078908
4392568
500439360
1229045
956745
35843
3501025
93907
81805
459251520
2655779
1042895
4245949
483735328
234712160
10968916
191751
6780579
127055
36671
30249308160
143165072
10217689
6740782
28188106752
263191360
58651
151564
36256
100427
28986
161744144
113160720
8076278
5328056
22280480768
11032880
15933229
193160
1020983
36941
84311
2316161536
10292759
18728118
1074841
2384401152
58651
15933229
180817
1020983
34580
78923
2316161536
9635066
17531416
1006160
2232041728
58382
15933229
187933
1020983
35941
82029
2316161536
10014259
18221372
1045758
2319884288
37543
709523
945756
64266
77759
569305
237946
327799
2028882
162306
769690
2700052
15764621
193891
7399098
128473
84630
32838279168
144762560
18798978
8573975
37850492928
105655312
15933229
183442
7478234
121549
80069
33189498880
136961728
17785954
8111948
35810836480
13156
94675
3736090
79851
218211648
445453792
3736090
445453792
1787
89197
3722989
79571
205584704
443891840
3722989
443891840
62301
569305
328064
97150
569305
673392000
3638892288
8942314496
27328088
127587
7478234
96480
3736090
79851
29933280
5818890752
7478234
3736090
5818890752
3817160
125803
7478234
95131
3736090
79851
29514706
5818890752
7478234
3736090
5818890752
6820120
2946
7407433
850
1011316
79094
156349
1452891136
7407433
1011316
1452891136
24545
34445
764438
944329
10186
296815
327568
69240
77641
568446
34445
764438
944329
256362
327304
2025820
69240
77641
568446
162061
256362
327304
2025820
768528
162061
768528
6310578
2865630
43752
193891
1146794
10858
97150
27046
128473
37081
1534893184
45206312
64620396
120658912
144762560
10331703
23649796
30141070
2747487
6815998
166344327168
145310236672
10291623936
28502638592
5797198336
39596373049344
452490
15933229
11032880
151598
7478234
6820120
100449
1057493
66169
28992
33189498880
30425708544
113185840
2810072064
14698400
8078071
1544482688
6703753
5329240
843568
9357816233984
29594253312
22285428736
1871351168
1160071040
6621232627712
55855300
43752
15585039
189861
10858
3654444
95131
998671
36310
82871
45206312
14807584768
63277504
2265545984
10116998
18408316
479376480
2690391
4301285
1056487
2933131837440
10077750272
15959530496
2343685120
490039648
3015422509056
7531465
11032880
15933229
173860
2738224
3736090
87113
1020983
33250
75886
11399357440
15138408448
57944424
2316161536
9264328
16856844
490086464
2463642
3938769
967445
2998662594560
9228389376
14614446080
2146157312
448738592
2761279668224
26219022
54646488
15430596
191458
14674522
3618230
95930
7242323
126860
83568
60119384064
14660847616
63809536
32142495744
142946080
18563088
5635327488
29762860
4337450
8466388
40444377432064
143486877696
16093715456
37375545344
6775159808
44532162887680
5878052
263191360
15642104
183990
54826808
3667826
92189
7341595
121913
80308
279599251456
14861807616
61320864
32583077888
137370976
17839102
5712570880
28602064
4168283
8136187
40998759563264
137890676736
15466033152
35917848576
6510918656
42795339350016
35446
93387
6325
97150
3736090
79851
20844
1432774912
2849925120
223914304
445453792
3736090
849597952
1708638720
2849925120
445453792
1708638592
32521
10300
697
92350
3736090
79851
2299
1361997824
2849925120
212853264
445453792
3736090
807628928
1708638720
2849924608
445453792
1708638720
683
95350
54826808
3642513
281859
77850
7290929
13327023
99910176
26379628
54826808
3642513
5673147904
7290929
99910176
26379628
2645125120
5673147904
2645125120
683
97150
2738224
3736090
34789
79851
1020983
13578558
12234349
27057324
2738224
3736090
490086464
1020983
12234349
27057324
364510784
490086464
364510784
683
96061
14397
3730709
182
79736
1019512
13426357
64329
27018358
14397
3730709
489380672
1019512
64329
27018356
363985856
489380672
363985856
11102
21593946
2737540
3714988
88233
6818415
7435997
116681
1015216
33677
76862
411308192
214983968
442937888
203363616
5962112512
5786025472
27374746
487318400
2495324
3989421
1458493696
6190430
7787061
979886
43139866624
43849707520
707928960
5928268800
204926912
487681024
1642599415808
5265136128
6231533568
454509344
1347535232
8781493698560
39044132864
49873592320
6318119424
1512280817664
8660758036480
10185
14674522
2734768
3736090
90344
6811513
7478234
119472
1020983
34483
78701
560144512
214766368
445453792
208227824
5956077056
5818890752
28029514
490086464
2555009
4084843
1466778112
6338498
7973319
1003324
43096203264
44098781184
724861760
5961942528
209828512
499345728
1651929513984
5391071232
6380583936
465380576
1379767040
8831373410304
39978008576
51066511360
6469241856
1548452626432
8867913138176
200122
35446
945756
11102
328064
3736090
94302
323339
82149
35446
945756
2849925120
1390777728
1311508
323339
445453792
217350976
7211612160
3532229632
4263814
1311508
1708638720
824694656
34543894528
16928000000
3335207424
9089848320
4457035776
521223680
7551798784
36374347776
17864216576
2248671232
34877771776
9015977984
39657574400
27578
32521
747825
10185
261720
3736090
90392
187024
78743
32521
747825
2849925120
1333111552
751509
187024
445453792
208338880
7211612160
3385771520
4087022
751509
1708638720
790500032
34543898624
16226107392
3196918016
9089849344
4272232192
499612032
7238675968
36374347776
17123504128
2155433984
33431617536
8642145280
38013239296
25787
35446
945756
11102
328064
3736090
97150
323339
84630
35446
945756
2849925120
1432775040
1311508
323339
445453792
223914320
7211612160
3638892288
4392568
1311508
1708638720
849597952
34543898624
17439174656
3435920384
9089849344
4591624192
536963072
7779840000
36374347776
18403659776
2316574720
35930972160
9288232960
40855113728
91803
32521
4762
10185
1652
3736090
87330
1628
76075
32521
4762
2849925120
1287951872
6604
1628
445453792
201281344
7211612160
3271077632
3948572
6604
1708638720
763721600
34543894528
15676443648
3088621568
9089849344
4127509504
482687488
6993463808
36374347776
16543439872
2082417920
32299112448
8349390336
36725522432
9769
36839
739947
10967638
193891
10894
287305
67022
37081
36839
739947
391113920
448634496
248149
411748608
474786464
1174803840
1344081408
10331703
67022
248149
411748608
474786464
1174803840
1344081408
505240576
815976448
948876672
451179968
1518071296
815976576
948876608
451179968
1518071296
859670656
859670528
22380
37543
225097
11032880
189255
11102
69427
14429
36194
37543
225097
393440544
437909536
63540
414197952
463436320
1181792384
1311950080
10084716
14429
63540
414197952
463436320
1181792384
1311950080
493162432
820830464
926193088
440394144
1481780736
820830464
926193088
440394112
1481780736
839119424
839119424
197204
37543
191597
43752
187284
11102
88058
12839
35817
37543
191597
1560263
433348096
44729
1642580
458609024
4686623
1298284160
9979670
12839
44729
1642580
458608960
4686622
1298284160
488025440
3255158
916545472
435806848
1466345728
3255158
916545472
435806848
1466345728
830378880
830378880
5822
33836
102331
11032880
188303
10006
42921
12149
36012
33836
102331
393440512
435706688
41825
414197952
461105088
1181792384
1305350400
10033986
12149
41825
414197952
461105088
1181792384
1305350400
490681632
820830464
921533952
438178784
1474326656
820830464
921533824
438178816
1474326784
834898432
834898432
200122
35446
780849
943126
15933229
11102
303187
327152
79093
322440
567722
35446
780849
943126
894585728
276083
1307862
892923648
2023241
2683582464
14555965440
79093
322440
567722
676462
276083
1307862
892923648
2023241
2683582464
14555965440
2812138
2070388224
18461765632
35798122496
676462
2812138
2070388224
18461765632
35798126592
37999517696
37999517696
91416
32521
780849
943363
15933229
10185
303187
327234
79093
322520
567864
32521
780849
943363
894585664
276083
1308190
892923648
2023748
2683582464
14555966464
79093
322520
567864
676631
276083
1308190
892923648
2023748
2683582464
14555966464
2812843
2070388224
18461765632
35798126592
676631
2812843
2070388224
18461765632
35798126592
37999517696
37999517696
27530
35446
780849
744527
15743471
11102
303187
260565
79093
186199
444361
35446
780849
744527
883931520
276083
748194
882289216
1581432
2651622144
14382608384
79093
186199
444361
384364
276083
748194
882289280
1581432
2651622144
14382608384
1609488
2045730560
18241892352
35371782144
384364
1609488
2045730560
18241892352
35371782144
37546958848
37546954752
200122
35446
200122
105189
15933229
11102
91976
33690
13555
126556
65487
35446
200122
105189
894585664
44667
520501
892923648
237578
2683582464
14555966464
13555
126556
65487
270704
44667
520501
892923648
237578
2683582464
14555966464
1114228
2070388224
18461765632
35798126592
270704
1114228
2070388224
18461765632
35798126592
37999517696
37999517696
199974
35446
2861
945756
15495245
11102
1043
328064
313
323339
569305
35446
2861
945756
869994752
1141
1311508
868378368
2028882
2609814272
14155839488
313
323339
569305
678348
1141
1311508
868378368
2028882
2609814528
14155840512
2819978
2013475840
17954275328
34814078976
678348
2819978
2013475840
17954277376
34814083072
36954959872
36954963968
92993
35446
730815
6134
15933229
11102
283760
2166
74025
382
3803
35446
730815
6134
894585664
258392
1538
892923648
13413
2683582464
14555966464
74025
382
3803
868
258392
1538
892923648
13413
2683582464
14555965440
3598
2070388224
18461765632
35798122496
868
3598
2070388224
18461765632
35798122496
37999517696
37999521792
89980
780849
945756
303187
328064
3736090
97150
569305
84630
780849
945756
2849925120
1432774912
2028882
569305
1339609344
673392000
7211612160
3638892288
4392568
2028882
9746823168
4899539968
34543898624
17439174656
3435920384
17722605568
8942315520
1615090432
7779840000
73260892160
36976078848
11750002688
35930972160
19117273088
79704293376
89501
780849
945756
303187
328064
3736090
94731
569305
82522
780849
945756
2849924608
1397102208
2028882
569305
1339609472
656626048
7211612160
3548292096
4283203
2028882
9746823168
4777552896
34543894528
17004979200
3350373632
17722605568
8719671296
1574878464
7586140160
73260892160
36055457792
11457454080
35036372992
18641297408
77719838720
91425
200122
748956
91976
262116
3736090
90869
447005
79158
200122
748956
2849925120
1340146560
1590840
447005
1339609344
629857408
7211612160
3403639040
4108590
1590840
9746823168
4582787072
34543894528
16311736320
3213788672
17722605568
8364196864
1510675200
7276875776
73260908544
34585583616
10990367744
33608042496
17881346048
74551435264
28409
780849
105189
303187
33690
3690191
95013
65487
82768
780849
105189
2814912512
1401259264
237578
65487
1323151872
658579904
7123013632
3558850560
4295948
237578
9627080704
4791769088
34119514112
17055577088
3360342784
17504876544
8745617408
1579564416
7608713216
72360861696
36162740224
11491546112
35140624384
18696765440
77951098880
28820
780849
3750
303187
1300
3736090
97150
2257
84630
780849
3750
2849925120
1432775040
8045
2257
1339609472
673392000
7211612160
3638892288
4392568
8045
9746823168
4899540992
34543898624
17439174656
3435920384
17722605568
8942314496
1615090432
7779840000
73260892160
36976074752
11750002688
35930972160
19117273088
79704301568
27136
780849
945519
303187
327981
3727293
94104
569162
81977
780849
945519
2843215104
1387864320
2028374
569162
1336455424
652284288
7194633216
3524830208
4254882
2028374
9723875328
4745962496
34462568448
16892538880
3328220160
17680879616
8662014976
1564464896
7535978496
73088409600
35817058304
11381695488
34804707328
18518036480
77205946368
25903062
191030
95716
63666912
7949266
193891
97150
64620396
263191360
191530
126908
142999936
263191360
191861
127128
143247632
11002210
191020
36532
10178745
11016232
174807
33431
9314803
945756
191405
200122
309592
7235955200
909361
1694491648
3852632576
15933229
192328
83947
18647468
15885140
193891
84630
18798978
27225870
126093
95350
29582724
3622231
119236
90165
27974204
27027376
127909
96723
30008772
129559
92370
1159724032
1347021
37081
97150
2747487
2640136
35646
93391
2641198
780849
945248
200122
568999
134073
309592
2027793
358520
909361
533710
1927229
773382
748956
200122
447005
134073
309592
1590840
358520
909361
533710
1927229
7756623
11032880
192236
2738224
96321
36764
11399357440
64069136
10243566
2724049
10203828224
26301846
11018956
187284
2734768
93839
35817
11384972288
62418576
9979670
2653871
9940954112
26332520
11032880
189063
2738224
94731
36157
11399357440
63011500
10074467
2679080
10035385344
90702
945756
328064
94984
945756
1400833024
3557767168
17050388480
193448
945248
327887
97150
945248
1432775040
3638892288
17439174656
143610
3724018
97150
84630
7188312064
3638892288
4392568
7779840000
1232030
1020983
36673
3736090
96082
83700
490086464
2717303
1067055
4344313
494941600
259373536
11032880
190280
6820120
126080
36390
30425708544
142066560
10139288
6689059
27971817472
263191360
11032880
193222
6820120
128030
36953
30425708544
144263568
10296090
6792503
28404393984
54646488
11032880
180322
6820120
119482
34486
30425708544
134631888
9608676
6339005
26507988992
9501411
15471101
193891
991370
37081
84630
2248983552
10331703
18798978
1078908
2393423104
11032880
15933229
193160
1020983
36941
84311
2316161536
10292759
18728118
1074841
2384401152
33119
780849
942362
200122
70727
77480
13411
567262
134073
309592
261866
326622
46720
2021603
358520
909361
161723
24094
65504
533710
766928
96857
274428
1927229
133289
630465
35246
780849
945756
200122
70727
77759
13411
569305
134073
309592
261866
327799
46720
2028882
358520
909361
162306
24094
65504
533710
769690
96857
274428
1927229
133289
630465
34445
703072
944562
200122
63682
77660
13411
568586
134073
309592
235782
327385
46720
2026321
358520
909361
162101
24094
65504
533710
768718
96857
274428
1927229
133289
630465
34445
780849
943126
200122
70727
77542
13411
567722
134073
309592
261866
326887
46720
2023241
358520
909361
161854
24094
65504
533710
767550
96857
274428
1927229
133289
630465
263191360
15933229
190025
7478234
125911
82942
33189498880
141876304
18424166
8403027
37095833600
51947032
15734490
179615
7384956
119013
78398
32775516160
134104176
17414870
7942701
35063685120
263191360
15547525
192597
7297204
127615
84065
32386062336
143796896
18673574
8516780
37598003200
256641664
15933229
192655
7478234
127654
84090
33189498880
143839984
18679168
8519332
37609267200
62565
447005
262116
94552
447005
655390336
3541614592
8703260672
61570
563390
324656
90471
563390
627102080
3388749312
8327606784
12067471
127192
7446392
96181
3720182
79511
29840596
5794115072
7446392
3720182
5794115072
27027376
126746
7478234
95844
3736090
79851
29735952
5818890752
7478234
3736090
5818890752
3812109
125022
7399192
94540
3696600
79006
29331580
5757387264
7399192
3696600
5757387264
14190292
128473
7478234
97150
3736090
79851
30141070
5818890752
7478234
3736090
5818890752
3936020
128351
7478234
97058
3736090
79851
30112670
5818890752
7478234
3736090
5818890752
6802865
127141
7459784
36696
1018464
79654
6745344
1463159296
7459784
1018464
1463159296
6816460
115655
7390763
33381
1009040
78917
6136004
1449621504
7390763
1009040
1449621504
6820120
128473
7478234
37081
1020983
79851
6815998
1466778112
7478234
1020983
1466778112
28820
34164
780849
748956
10103
303187
262116
70727
52023
447005
34164
780849
748956
261866
216808
1590840
70727
52023
447005
106139
261866
216808
1590840
500433
106139
500433
24545
34445
764438
944329
10186
296815
327568
69240
77641
568446
34445
764438
944329
256362
327304
2025820
69240
77641
568446
162061
256362
327304
2025820
768528
162061
768528
91834
37543
780849
748956
11102
303187
262116
70727
52023
447005
37543
780849
748956
261866
216808
1590840
70727
52023
447005
106139
261866
216808
1590840
500433
106139
500433
199343
32521
773812
190054
10185
300455
78380
32521
773812
439756352
273595
491393344
1317482880
78380
273595
491393312
1317482880
1019152896
1019152896
25629438
259595760
58651
181471
54077784
14556
90927
36256
120243
34705
275779485696
60599388
60481160
161744144
135489872
9669910
31702728
28210400
2571498
6379402
222985781248
136002453504
9632397312
26676918272
5425861632
37060048060416
26094478
52580036
55557
181336
14119606
13788
90859
34343
120154
34680
57845977088
57402636
60436296
153211776
135389344
9662737
30030336
28189468
2569590
6374669
211222790144
135901536256
9625250816
26657130496
5421834752
37032554397696
263191360
15504823
58651
179576
7277162
36256
118988
5621
78382
34343
32297111552
161744144
134075456
14938446
17411140
9568963
8210526
7941000
6312805
999257
49746493440
35056173056
26398429184
2216728320
1374174080
7843249913856
7610608
255148592
15933229
97116
53151372
3736090
48660
7478234
64349
42389
271055044608
15138408448
32367086
33189498880
72508728
9416038
5818890752
15097070
2200151
4294535
41761812512768
72783036416
8163461632
18958571520
3436667904
22588726181888
542957
263191360
15933229
193891
54826808
3736090
97150
7478234
128473
84630
279599251456
15138408448
64620396
33189498880
144762560
18798978
5818890752
30141070
4392568
8573975
41761812512768
145310236672
16298226688
37850492928
6861255168
45098054189056
8097737
263191360
15933229
190299
54826808
3736090
95350
7478234
126093
83062
279599218688
15138408448
63423332
33189498880
142080928
18450738
5818890752
29582724
4311198
8415147
41761812512768
142618427392
15996309504
37149339648
6734154240
44262636912640
30730
27495
1862
97150
3736090
79851
6137
1432774912
2849924608
223914304
445453792
3736090
849597824
1708638720
2849925120
445453792
1708638720
679
97150
2738224
3705911
34789
79206
1012735
13578558
12234349
26838766
2738224
3705911
486127712
1012735
12234349
26838766
361566432
486127712
361566400
195400
31908
945756
9993
328064
3635074
97150
323339
84630
31908
945756
2772869120
1432774912
1311508
323339
433409696
223914304
7016625152
3638892288
4392568
1311508
1662440832
849597824
33609904128
17439174656
3435920384
8844078080
4591625216
536963072
7779840000
35390861312
18403659776
2316574464
35930972160
9288232960
40855113728
28246
32521
780849
934267
15672435
193891
10185
303187
324079
79093
319411
562389
84630
32521
780849
934267
879943168
448634496
276083
1295577
878308352
501313920
2004237
2639657728
1344081408
14317713408
7329931264
18798978
79093
319411
562389
670108
276083
1295577
878308352
501313920
2004237
2639657728
1344081408
14317713408
7329931264
1079368832
2785723
2036499968
1039728384
18159583232
9311119360
1076745472
35212181504
18013917184
3237434880
15711437824
670108
2785723
2036499968
1039728384
18159583232
9311119360
1076745472
35212181504
18013915136
3237434880
15711437824
37377540096
19212541952
2415948800
18894786560
38646034432
37377540096
19212541952
2415948800
18894786560
38646034432
39894564864
39894564864
197541
32521
780849
945756
15933229
193891
10185
303187
328064
79093
323339
569305
84630
32521
780849
945756
894585728
448634496
276083
1311508
892923648
501313952
2028882
2683582464
1344081408
14555965440
7329931264
18798978
79093
323339
569305
678348
276083
1311508
892923648
501313920
2028882
2683582464
1344081408
14555965440
7329931264
1079368704
2819978
2070388224
1039728384
18461765632
9311119360
1076745472
35798122496
18013917184
3237434880
15711437824
678348
2819978
2070388224
1039728384
18461765632
9311119360
1076745472
35798126592
18013917184
3237434880
15711437824
37999517696
19212541952
2415948800
18894786560
38646038528
37999517696
19212541952
2415948800
18894786560
38646038528
39894564864
39894564864
93387
34497
779141
943224
15933229
193891
10805
302523
327185
78920
322473
567781
84630
34497
779141
943224
894585728
448634496
275479
1307998
892923648
501313920
2023452
2683582464
1344081408
14555965440
7329931264
18798978
78920
322473
567781
676532
275479
1307998
892923648
501313920
2023452
2683582464
1344081408
14555966464
7329931264
1079368704
2812431
2070388224
1039728384
18461765632
9311121408
1076745472
35798122496
18013915136
3237434880
15711437824
676532
2812431
2070388224
1039728384
18461765632
9311119360
1076745472
35798126592
18013917184
3237434880
15711437824
37999517696
19212541952
2415948800
18894786560
38646034432
37999517696
19212541952
2415948800
18894786560
38646038528
39894564864
39894564864
27913
32521
780849
747061
15146854
193891
10185
303187
261452
79093
186833
445874
84630
32521
780849
747061
850433920
448634496
276083
750740
848853888
501313920
1586815
2551136000
1344081408
13837563904
7329931264
18798978
79093
186833
445874
385672
276083
750740
848853952
501313920
1586815
2551136000
1344081408
13837563904
7329931264
1079368832
1614966
1968205568
1039728384
17550594048
9311121408
1076745472
34031327232
18013915136
3237434880
15711437824
385672
1614966
1968205568
1039728384
17550596096
9311119360
1076745472
34031327232
18013915136
3237434880
15711437824
36124073984
19212541952
2415948800
18894786560
38646034432
36124073984
19212541952
2415948800
18894786560
38646034432
39894564864
39894564864
93387
780849
945756
303187
328064
3728229
96020
569305
83645
780849
945756
2843928832
1416111104
2028882
569305
1336791040
665560064
7196439552
3596570368
4341480
2028882
9726316544
4842556416
34471215104
17236348928
3395958784
17685317632
8838309888
1596306176
7689356288
73106759680
36546027520
11613344768
35513081856
18894929920
78777303040
92913
35869
225097
943224
10607
69427
327185
96899
14429
77550
567781
35869
225097
943224
1429079808
63540
326921
2023452
14429
77550
189214304
567781
671655168
3629507584
161871
63540
326921
892040960
2023452
4886903808
17394198528
767630
161871
466453632
1232859136
8919250944
767630
1822525824
5092463104
36880719872
2511124992
11753549824
198424
35821
751171
945756
10593
291663
328064
97150
68038
77759
569305
35821
751171
945756
1432774912
251913
327799
2028882
68038
77759
189703568
569305
673392000
3638892288
162306
251913
327799
894347456
2028882
4899540992
17439174656
769690
162306
467659680
1236047104
8942315520
769690
1827238272
5105630720
36976078848
2517617920
11783940096
